Old Versions/Tamrur_site.asc
ncols   417
nrows   200
xllcorner   196451
yllcorner   392250
cellsize   0.500
NODATA_value  -9999
[rows 128 to 159 of 200, columns 219 to 291 of 417]
-9999 -9999 -9999 -9999 -9999 -9999 -9999 -9999 -9999 -9999 -9999 -9999 -9999 -9999 86.359 86.3568 86.3522 86.3332 86.3237 86.3178 86.3122 86.3061 86.2844 86.2772 86.2664 86.2543 86.2387 86.2228 86.2096 86.1933 86.1744 86.1498 86.1375 86.1254 86.1107 86.0992 86.0881 86.0713 86.0632 86.0549 86.0403 86.0463 86.0161 86.0186 85.9997 85.9896 85.9787 85.9603 85.9385 85.9231 85.908 85.8931 85.8816 85.8643 85.8474 85.8365 85.8222 85.8107 85.8079 85.7807 85.7773 85.7466 85.7335 85.7232 85.7101 85.6823 85.6697 85.6605 85.6336 85.6249 85.6016 85.5875 85.5587
-9999 -9999 -9999 -9999 -9999 -9999 -9999 -9999 -9999 -9999 -9999 -9999 -9999 -9999 86.3684 86.3572 86.3466 86.3276 86.3211 86.3182 86.3066 86.2959 86.2874 86.2757 86.2607 86.2453 86.2327 86.2108 86.2092 86.1783 86.1684 86.1408 86.1374 86.1134 86.1077 86.0872 86.0791 86.0743 86.0602 86.0459 86.0372 86.0283 86.0161 85.9975 85.9847 85.9776 85.9553 85.9482 85.9295 85.9081 85.8989 85.8811 85.8606 85.8463 85.8324 85.8245 85.8162 85.8047 85.7898 85.7747 85.7623 85.7406 85.7245 85.7172 85.6981 85.6732 85.6547 85.6305 85.6156 85.6009 85.5926 85.5755 85.5617
-9999 -9999 -9999 -9999 -9999 -9999 -9999 -9999 -9999 -9999 -9999 -9999 -9999 -9999 86.3718 86.3607 86.3531 86.334 86.3245 86.3149 86.307 86.2809 86.2784 86.2667 86.2517 86.2303 86.2237 86.2078 86.1916 86.1753 86.1504 86.1438 86.1284 86.1074 86.1047 86.0872 86.0791 86.0653 86.0512 86.0399 86.0222 86.0193 86.0071 85.9915 85.9817 85.9686 85.9493 85.9302 85.9115 85.8991 85.887 85.8721 85.8606 85.8283 85.8324 85.8215 85.8102 85.7927 85.7778 85.7717 85.7593 85.7256 85.7125 85.6992 85.6801 85.6613 85.6427 85.6305 85.5976 85.5979 85.5806 85.5725 85.5617
-9999 -9999 -9999 -9999 -9999 -9999 -9999 -9999 -9999 -9999 -9999 -9999 -9999 -9999 86.3721 86.364 86.3474 86.3284 86.3249 86.3148 86.3044 86.2778 86.2724 86.2607 86.2426 86.2273 86.2117 86.2047 86.1765 86.1693 86.1594 86.1257 86.1164 86.1044 86.0926 86.0782 86.0731 86.0592 86.0422 86.0308 86.0132 86.0043 85.995 85.9855 85.9757 85.9686 85.9342 85.9122 85.8995 85.887 85.8719 85.8601 85.8455 85.8373 85.8114 85.8124 85.7922 85.7806 85.7778 85.7537 85.7322 85.7195 85.7005 85.6872 85.662 85.6492 85.6307 85.6274 85.6005 85.5889 85.5625 85.5605 85.5467
-9999 -9999 -9999 -9999 -9999 -9999 -9999 -9999 -9999 -9999 -9999 -9999 -9999 -9999 86.3663 86.3582 86.3416 86.334 86.319 86.3087 86.3008 86.2837 86.2722 86.2635 86.2425 86.2182 86.1965 86.1836 86.1734 86.1541 86.1472 86.1226 86.1073 86.0952 86.0835 86.0721 86.0549 86.0501 86.036 86.0307 86.0041 85.9951 85.9859 85.9764 85.9635 85.9504 85.9281 85.9061 85.8903 85.8719 85.8628 85.8419 85.8334 85.8222 85.8082 85.7943 85.777 85.7715 85.7597 85.7385 85.7231 85.7134 85.7033 85.675 85.6709 85.6401 85.6245 85.6093 85.5914 85.5797 85.5684 85.5484 85.5375
-9999 -9999 -9999 -9999 -9999 -9999 -9999 -9999 -9999 -9999 -9999 -9999 -9999 -9999 86.3636 86.3514 86.3394 86.3278 86.3165 86.3071 86.2886 86.2774 86.257 86.2453 86.2332 86.2149 86.1933 86.1803 86.1731 86.1389 86.123 86.1073 86.098 86.089 86.0802 86.0598 86.0517 86.0498 86.0178 86.0124 85.9978 85.9859 85.9736 85.9641 85.9543 85.9442 85.9218 85.8998 85.8721 85.8716 85.8505 85.8357 85.8271 85.8069 85.796 85.788 85.7798 85.7652 85.7474 85.7233 85.7048 85.6951 85.6821 85.6598 85.6526 85.6278 85.6063 85.5911 85.5791 85.5765 85.5501 85.5331 85.5343
-9999 -9999 -9999 -9999 -9999 -9999 -9999 -9999 -9999 -9999 -9999 -9999 -9999 -9999 86.3573 86.3331 86.3302 86.3155 86.3042 86.2962 86.2823 86.2652 86.2477 86.233 86.224 86.2056 86.184 86.1651 86.1459 86.1326 86.1197 86.1041 86.0887 86.0797 86.068 86.0505 86.0454 86.0315 86.0175 86.0092 85.9795 85.9736 85.9584 85.9548 85.93 85.8989 85.8946 85.8785 85.8628 85.8564 85.8412 85.8264 85.8089 85.7946 85.7837 85.7817 85.7585 85.747 85.7291 85.717 85.6956 85.6768 85.6728 85.6505 85.6284 85.6095 85.588 85.5758 85.5608 85.5552 85.5409 85.5178 85.513
-9999 -9999 -9999 -9999 -9999 -9999 -9999 -9999 -9999 -9999 -9999 -9999 -9999 -9999 -9999 -9999 86.321 86.3063 86.304 86.2869 86.2731 86.256 86.2355 86.2118 86.2177 86.1964 86.1778 86.1559 86.1366 86.1264 86.1135 86.1039 86.0855 86.0615 86.0618 86.0503 86.0362 86.0223 86.0083 85.994 85.9763 85.9674 85.9492 85.9336 85.9148 85.9017 85.8793 85.8693 85.8596 85.8442 85.841 85.8082 85.7967 85.7824 85.7565 85.7455 85.7313 85.7258 85.7139 85.7018 85.6834 85.6646 85.6546 85.6323 85.6132 85.5913 85.5758 85.5666 85.5546 85.552 85.5317 85.5176 85.5008
-9999 -9999 -9999 -9999 -9999 -9999 -9999 -9999 -9999 -9999 -9999 -9999 -9999 -9999 -9999 -9999 -9999 86.3002 86.2889 86.2808 86.27 86.2348 86.2264 86.2117 86.1966 86.1873 86.1657 86.1527 86.1275 86.1263 86.1074 86.0917 86.0764 86.0614 86.0526 86.0472 86.0271 86.0102 85.9902 85.9788 85.9702 85.9553 85.94 85.9185 85.9027 85.8986 85.8702 85.8662 85.8415 85.829 85.8169 85.7961 85.7875 85.7703 85.7504 85.7394 85.7252 85.7076 85.6928 85.6987 85.6682 85.6465 85.6335 85.6172 85.604 85.5882 85.5697 85.5545 85.5395 85.5279 85.5135 85.4995 85.4887
-9999 -9999 -9999 -9999 -9999 -9999 -9999 -9999 -9999 -9999 -9999 -9999 -9999 -9999 -9999 -9999 -9999 -9999 86.2739 86.2628 86.249 86.2348 86.2264 86.1967 86.2026 86.1843 86.1627 86.1437 86.1275 86.1023 86.0984 86.0827 86.0674 86.0554 86.0406 86.0322 86.0181 86.0012 85.9902 85.9758 85.9672 85.9433 85.937 85.9035 85.8997 85.8835 85.8672 85.8452 85.8295 85.82 85.8079 85.7961 85.7845 85.7613 85.7414 85.7364 85.7132 85.6986 85.6748 85.6687 85.6472 85.6375 85.6275 85.6082 85.595 85.5702 85.5697 85.5424 85.5245 85.5009 85.5015 85.4695 85.4677
-9999 -9999 -9999 -9999 -9999 -9999 -9999 -9999 -9999 -9999 -9999 -9999 -9999 -9999 -9999 -9999 -9999 -9999 86.2619 86.2448 86.231 86.2318 86.2114 86.1997 86.1876 86.1723 86.1537 86.1467 86.1125 86.1143 86.0924 86.0707 86.0554 86.0584 86.0346 86.0202 86.0091 85.9892 85.9842 85.9698 85.9552 85.9403 85.922 85.9125 85.8727 85.8746 85.8492 85.8362 85.8235 85.811 85.7869 85.7901 85.7755 85.7463 85.7354 85.7124 85.7012 85.6836 85.6658 85.6567 85.6442 85.6255 85.6065 85.5962 85.571 85.5402 85.5277 85.5245 85.5125 85.4979 85.4925 85.4665 85.4527
-9999 -9999 -9999 -9999 -9999 -9999 -9999 -9999 -9999 -9999 -9999 -9999 -9999 -9999 -9999 -9999 -9999 -9999 86.2498 86.2448 86.2279 86.2168 86.1994 86.1756 86.1786 86.1693 86.1386 86.1197 86.1125 86.0992 86.0833 86.0677 86.0524 86.0493 86.0226 86.0172 85.994 85.9772 85.9691 85.9578 85.9492 85.9252 85.916 85.8915 85.8756 85.8595 85.8462 85.8332 85.8084 85.796 85.7809 85.772 85.7575 85.7403 85.7233 85.7064 85.6981 85.6746 85.6508 85.6356 85.6352 85.6255 85.5914 85.5751 85.562 85.5372 85.5276 85.5034 85.5005 85.4888 85.4775 85.4545 85.4346
-9999 -9999 -9999 -9999 -9999 -9999 -9999 -9999 -9999 -9999 -9999 -9999 -9999 -9999 -9999 -9999 -9999 -9999 86.2437 86.2326 86.2158 86.2166 86.1962 86.1815 86.1634 86.1481 86.1295 86.1135 86.1063 86.0901 86.0772 86.0495 86.0342 86.0222 86.0074 85.993 85.9759 85.965 85.966 85.9546 85.928 85.9281 85.9098 85.8883 85.8725 85.8474 85.837 85.818 85.8023 85.7868 85.7597 85.7509 85.7393 85.7281 85.7142 85.6882 85.683 85.6774 85.6566 85.6355 85.617 85.5953 85.5733 85.554 85.5378 85.519 85.5035 85.4883 85.4733 85.4617 85.4473 85.4393 85.4255
-9999 -9999 -9999 -9999 -9999 -9999 -9999 -9999 -9999 -9999 -9999 -9999 -9999 -9999 -9999 -9999 -9999 -9999 -9999 86.2234 86.2065 86.2044 86.1749 86.1722 86.1602 86.1448 86.1262 86.1073 86.0971 86.0718 86.0649 86.0493 86.034 86.0189 86.0072 85.9897 85.9636 85.9498 85.9477 85.9364 85.9248 85.9158 85.8976 85.8791 85.8572 85.8471 85.8308 85.8118 85.793 85.7746 85.7595 85.7536 85.7391 85.7248 85.7079 85.688 85.6827 85.6682 85.6354 85.6382 85.6138 85.5891 85.573 85.5417 85.5346 85.5158 85.4942 85.482 85.4671 85.4524 85.4411 85.43 85.4222
-9999 -9999 -9999 -9999 -9999 -9999 -9999 -9999 -9999 -9999 -9999 -9999 -9999 -9999 -9999 -9999 -9999 -9999 -9999 -9999 86.2003 86.1831 86.1717 86.1689 86.1539 86.1386 86.123 86.104 86.0878 86.0746 86.0646 86.043 86.0127 86.0067 85.9919 85.9775 85.9663 85.9555 85.9445 85.9121 85.9215 85.8885 85.8913 85.8668 85.848 85.8288 85.8275 85.8115 85.7808 85.7713 85.7532 85.7414 85.7178 85.7126 85.6986 85.6817 85.6675 85.6529 85.6321 85.614 85.5985 85.5768 85.5698 85.5474 85.5193 85.5065 85.488 85.4727 85.4548 85.4462 85.4258 85.4148 85.4099
-9999 -9999 -9999 -9999 -9999 -9999 -9999 -9999 -9999 -9999 -9999 -9999 -9999 -9999 -9999 -9999 -9999 -9999 -9999 -9999 86.194 86.1799 86.1685 86.1597 86.1477 86.1354 86.1197 86.0948 86.0816 86.0624 86.0524 86.0428 86.0185 86.0004 85.9827 85.9683 85.9721 85.9553 85.9382 85.9239 85.9123 85.8973 85.8791 85.8456 85.8477 85.8286 85.8123 85.8083 85.7865 85.7771 85.744 85.7381 85.7206 85.7034 85.6864 85.6755 85.6582 85.6317 85.6139 85.6107 85.5863 85.5706 85.5516 85.5352 85.5131 85.4943 85.4788 85.4575 85.4486 85.4249 85.4076 85.3966 85.3977
-9999 -9999 -9999 -9999 -9999 -9999 -9999 -9999 -9999 -9999 -9999 -9999 -9999 -9999 -9999 -9999 -9999 -9999 86.2038 86.1958 86.1849 86.1768 86.1654 86.1506 86.1386 86.1293 86.1166 86.0977 86.0785 86.0563 86.0433 86.0217 86.0124 86.0033 85.9826 85.9772 85.963 85.9492 85.9381 85.9178 85.9122 85.8882 85.885 85.8605 85.8446 85.8285 85.8152 85.8022 85.7804 85.753 85.7529 85.732 85.7115 85.7033 85.6893 85.6694 85.6491 85.6436 85.6168 85.6046 85.5832 85.5555 85.5394 85.5231 85.507 85.4792 85.4606 85.4394 85.4305 85.4128 85.3985 85.3875 85.3826
-9999 -9999 -9999 -9999 -9999 -9999 -9999 -9999 -9999 -9999 -9999 -9999 -9999 -9999 -9999 -9999 -9999 -9999 -9999 86.1838 86.1699 86.1708 86.1654 86.1566 86.1356 86.1233 86.1106 86.0977 86.0725 86.0503 86.0493 86.0217 86.0094 85.9973 85.9796 85.9712 85.954 85.9402 85.9441 85.9208 85.9092 85.8912 85.879 85.8635 85.8446 85.8315 85.8122 85.8022 85.7954 85.762 85.7499 85.729 85.7235 85.6973 85.6923 85.6754 85.6581 85.6436 85.6228 85.5926 85.5802 85.5585 85.5454 85.5231 85.501 85.4762 85.4546 85.4424 85.4215 85.3888 85.3895 85.3695 85.3556
-9999 -9999 -9999 -9999 -9999 -9999 -9999 -9999 -9999 -9999 -9999 -9999 -9999 -9999 -9999 -9999 -9999 -9999 -9999 -9999 86.1669 86.1648 86.1564 86.1446 86.1356 86.1203 86.0986 86.0827 86.0665 86.0563 86.0283 86.0127 86.0094 85.9943 85.9886 85.9742 85.963 85.9492 85.9381 85.9208 85.9092 85.8882 85.873 85.8695 85.8566 85.8315 85.8272 85.8052 85.7894 85.774 85.7559 85.729 85.7205 85.7033 85.7013 85.6874 85.6581 85.6376 85.6348 85.6046 85.5802 85.5585 85.5455 85.5231 85.495 85.4672 85.4396 85.4304 85.4185 85.4008 85.3715 85.3605 85.3436
-9999 -9999 -9999 -9999 -9999 -9999 -9999 -9999 -9999 -9999 -9999 -9999 -9999 -9999 -9999 -9999 -9999 -9999 -9999 -9999 86.1729 86.1587 86.1533 86.1266 86.1235 86.1142 86.0956 86.0797 86.0544 86.0502 86.0403 86.0186 86.0093 85.9913 85.9795 85.9771 85.963 85.9491 85.9411 85.9297 85.9121 85.8972 85.8849 85.8694 85.8446 85.8285 85.8301 85.8021 85.7954 85.78 85.7678 85.747 85.7354 85.7092 85.7013 85.6843 85.6641 85.6466 85.6347 85.6166 85.5742 85.5674 85.5514 85.5201 85.5009 85.4731 85.4456 85.4274 85.4154 85.3978 85.3745 85.3394 85.3466
-9999 -9999 -9999 -9999 -9999 -9999 -9999 -9999 -9999 -9999 -9999 -9999 -9999 -9999 -9999 -9999 -9999 -9999 -9999 -9999 86.1667 86.1556 86.1472 86.1324 86.1144 86.1021 86.0894 86.0855 86.0663 86.053 86.0371 86.0215 86.0062 85.9911 85.9854 85.983 85.9508 85.946 85.9409 85.9266 85.909 85.9 85.8968 85.8723 85.8504 85.8433 85.824 85.808 85.8012 85.7858 85.7767 85.7558 85.7353 85.7271 85.7011 85.6872 85.6669 85.6494 85.6406 85.6344 85.595 85.5823 85.5572 85.5349 85.5098 85.488 85.4634 85.4362 85.4243 85.3976 85.3803 85.3633 85.3404
-9999 -9999 -9999 -9999 -9999 -9999 -9999 -9999 -9999 -9999 -9999 -9999 -9999 -9999 -9999 -9999 -9999 -9999 -9999 86.1773 86.1665 86.1553 86.1499 86.1352 86.1141 86.1078 86.0892 86.0762 86.066 86.0528 86.0429 86.0182 86.0029 85.9939 85.9851 85.9737 85.9596 85.9457 85.9287 85.9383 85.9117 85.9058 85.8995 85.875 85.8532 85.8431 85.8327 85.8137 85.801 85.7915 85.7764 85.7616 85.744 85.7238 85.7159 85.6929 85.6727 85.6551 85.6523 85.6372 85.6127 85.588 85.563 85.5467 85.5155 85.4997 85.4842 85.4509 85.421 85.4064 85.392 85.369 85.3492
-9999 -9999 -9999 -9999 -9999 -9999 -9999 -9999 -9999 -9999 -9999 -9999 -9999 -9999 -9999 -9999 -9999 -9999 -9999 86.18 86.1662 86.1581 86.1346 86.1199 86.1139 86.1045 86.0919 86.079 86.0657 86.0555 86.0426 86.018 86.0086 85.9936 85.9849 85.9794 85.9593 85.9484 85.9254 85.9261 85.9144 85.9055 85.8933 85.8717 85.8589 85.8428 85.8295 85.8074 85.8067 85.8003 85.7821 85.7643 85.7498 85.7385 85.7276 85.7016 85.6844 85.6699 85.658 85.6429 85.6215 85.5937 85.5747 85.5374 85.5273 85.4934 85.4809 85.4507 85.4417 85.4061 85.3888 85.3717 85.3549
-9999 -9999 -9999 -9999 -9999 -9999 -9999 -9999 -9999 -9999 -9999 -9999 -9999 -9999 -9999 -9999 -9999 -9999 -9999 86.1708 86.16 86.1489 86.1374 86.1107 86.1137 86.1013 86.0917 86.0788 86.0715 86.0553 86.0424 86.0268 86.0144 86.0024 85.9967 85.9792 85.9651 85.9572 85.9462 85.9289 85.9082 85.9053 85.9021 85.8805 85.8647 85.8516 85.8443 85.8252 85.8125 85.8031 85.7879 85.7761 85.7526 85.7413 85.7214 85.6954 85.6962 85.6847 85.6638 85.6517 85.6273 85.6085 85.5895 85.5552 85.5331 85.5142 85.4927 85.4685 85.4445 85.4209 85.3946 85.3865 85.3637
-9999 -9999 -9999 -9999 -9999 -9999 -9999 -9999 -9999 -9999 -9999 -9999 -9999 -9999 -9999 -9999 -9999 -9999 -9999 86.1677 86.1509 86.1458 86.1283 86.1196 86.1105 86.1012 86.0886 86.0667 86.0564 86.0552 86.0423 86.0297 86.0143 85.9933 85.9906 85.9761 85.962 85.9541 85.9431 85.9318 85.9261 85.9082 85.89 85.8864 85.8646 85.8575 85.8411 85.8251 85.8124 85.8 85.7908 85.779 85.7555 85.7472 85.7153 85.7133 85.6811 85.6786 85.6757 85.6546 85.6182 85.6144 85.5834 85.5581 85.545 85.5321 85.5136 85.4684 85.4624 85.4268 85.4095 85.3924 85.3786
-9999 -9999 -9999 -9999 -9999 -9999 -9999 -9999 -9999 -9999 -9999 -9999 -9999 -9999 -9999 -9999 -9999 -9999 -9999 -9999 -9999 86.1488 86.1253 86.1196 86.1075 86.1072 86.0946 86.0787 86.0684 86.0552 86.0423 86.0297 86.0173 85.9933 85.9936 85.9731 85.956 85.9511 85.9461 85.9318 85.9201 85.9082 85.893 85.8924 85.8706 85.8545 85.8291 85.8311 85.8124 85.794 85.7968 85.782 85.7645 85.7502 85.7423 85.7073 85.6871 85.6816 85.6697 85.6576 85.6302 85.6114 85.5894 85.5761 85.554 85.5381 85.5196 85.4834 85.4624 85.4448 85.4035 85.3954 85.3936
-9999 -9999 -9999 -9999 -9999 -9999 -9999 -9999 -9999 -9999 -9999 -9999 -9999 -9999 -9999 -9999 -9999 -9999 -9999 -9999 -9999 -9999 -9999 -9999 -9999 -9999 -9999 86.0847 86.0684 86.0582 86.0393 86.0357 86.0173 85.9993 85.9876 85.9761 85.962 85.9481 85.9281 85.9408 85.9171 85.9052 85.896 85.8834 85.8676 85.8605 85.8382 85.8221 85.8094 85.797 85.7878 85.779 85.7645 85.7502 85.7393 85.7223 85.7051 85.6876 85.6697 85.6606 85.6482 85.6174 85.5954 85.5821 85.56 85.5381 85.5196 85.4954 85.4714 85.4598 85.4305 85.4134 85.4056
-9999 -9999 -9999 -9999 -9999 -9999 -9999 -9999 -9999 -9999 -9999 -9999 -9999 -9999 -9999 -9999 -9999 -9999 -9999 -9999 -9999 -9999 -9999 -9999 -9999 -9999 -9999 86.0816 86.0624 86.0612 86.0422 86.0296 86.0143 85.9932 85.9905 85.9761 85.9619 85.9511 85.94 85.9317 85.9201 85.8961 85.8959 85.8774 85.8825 85.8514 85.8381 85.8251 85.8213 85.7939 85.7848 85.7759 85.7644 85.7472 85.7452 85.7253 85.711 85.6935 85.6787 85.6605 85.6451 85.6234 85.5804 85.588 85.5599 85.5441 85.5315 85.5163 85.5044 85.4597 85.4424 85.4224 85.4085
-9999 -9999 -9999 -9999 -9999 -9999 -9999 -9999 -9999 -9999 -9999 -9999 -9999 -9999 -9999 -9999 -9999 -9999 -9999 -9999 -9999 -9999 -9999 -9999 -9999 -9999 -9999 86.0755 86.0622 86.052 86.0331 86.0264 86.0141 86.0021 85.9873 85.9759 85.9708 85.9539 85.9459 85.9255 85.9259 85.923 85.9047 85.8892 85.8734 85.8543 85.8409 85.8249 85.8092 85.8058 85.7786 85.7788 85.7582 85.753 85.7421 85.7371 85.7169 85.6873 85.6785 85.6574 85.651 85.6352 85.6132 85.5849 85.5657 85.5469 85.5314 85.5162 85.4952 85.4716 85.4602 85.4222 85.4174
-9999 -9999 -9999 -9999 -9999 -9999 -9999 -9999 -9999 -9999 -9999 -9999 -9999 -9999 -9999 -9999 -9999 -9999 -9999 -9999 -9999 -9999 -9999 -9999 -9999 -9999 -9999 86.0752 86.053 86.0517 86.0298 86.0262 86.0139 86.0018 85.9871 85.9726 85.9645 85.9477 85.9426 85.9313 85.9106 85.9107 85.9045 85.8846 85.8731 85.854 85.8437 85.8276 85.8119 85.7965 85.7844 85.7725 85.764 85.7557 85.7448 85.7309 85.7076 85.6991 85.6753 85.6541 85.6447 85.632 85.6159 85.6056 85.5685 85.5467 85.5251 85.5189 85.498 85.4803 85.466 85.4459 85.4261
-9999 -9999 -9999 -9999 -9999 -9999 -9999 -9999 -9999 -9999 -9999 -9999 -9999 -9999 -9999 -9999 -9999 -9999 -9999 -9999 -9999 -9999 -9999 -9999 -9999 -9999 -9999 86.0749 86.0617 86.0515 86.0385 86.0289 86.0136 86.0076 85.9868 85.9664 85.9642 85.9534 85.9424 85.931 85.9194 -9999 -9999 -9999 -9999 -9999 85.8434 -9999 -9999 -9999 -9999 -9999 -9999 85.7486 85.7339 85.7306 85.7158 85.6988 85.678 85.6628 85.6504 85.6347 85.6067 85.5993 85.5802 85.5644 85.5279 85.5066 85.4917 85.4801 85.4627 85.4457 85.4378
-9999 -9999 -9999 -9999 -9999 -9999 -9999 -9999 -9999 -9999 -9999 -9999 -9999 -9999 -9999 -9999 -9999 -9999 -9999 -9999 -9999 -9999 -9999 -9999 -9999 -9999 -9999 -9999 86.0615 86.0513 -9999 -9999 86.0189 85.9953 85.9806 85.9782 -9999 -9999 -9999 -9999 -9999 -9999 -9999 -9999 -9999 -9999 -9999 -9999 -9999 -9999 -9999 -9999 -9999 -9999 -9999 85.7222 85.7132 85.7016 85.6718 85.6716 85.6611 85.6345 85.6245 85.5991 85.58 85.5612 85.5397 85.5214 85.5035 85.4829 85.4565 85.4515 85.4256
