Old Versions/Tamrur_site.asc
ncols   417
nrows   200
xllcorner   196451
yllcorner   392250
cellsize   0.500
NODATA_value  -9999
[rows 64 to 95 of 200, columns 219 to 291 of 417]
-9999 -9999 -9999 -9999 -9999 -9999 -9999 -9999 -9999 -9999 -9999 -9999 -9999 -9999 -9999 -9999 -9999 -9999 -9999 -9999 -9999 -9999 -9999 -9999 -9999 -9999 -9999 -9999 -9999 -9999 86.4318 86.4161 86.4128 -9999 86.395 86.3686 86.3605 86.3586 -9999 -9999 86.3246 86.3157 86.3004 86.2939 86.2781 86.262 86.2456 86.2356 86.2199 86.2074 86.1983 86.1835 86.1689 86.1637 86.1558 86.1358 86.1336 86.122 86.0952 86.0771 86.0586 86.0489 86.0389 86.0226 86.0094 85.9876 -9999 -9999 -9999 -9999 -9999 -9999 -9999
-9999 -9999 -9999 -9999 -9999 -9999 -9999 -9999 -9999 -9999 -9999 -9999 -9999 -9999 -9999 -9999 -9999 -9999 -9999 -9999 -9999 -9999 -9999 -9999 86.482 86.4727 86.46 86.4621 86.4519 86.4386 86.4317 86.4131 86.4038 86.3947 86.383 86.3656 86.3454 86.3466 86.3415 86.3302 86.3126 86.3126 86.2944 86.2849 86.272 86.2589 86.2426 86.2326 86.2228 86.2074 86.2043 86.1834 86.1569 86.1517 86.1347 86.1388 86.1185 86.101 86.0892 86.059 86.0526 86.0549 86.0358 86.0105 85.9944 85.9756 -9999 -9999 -9999 -9999 -9999 -9999 -9999
-9999 -9999 -9999 -9999 -9999 -9999 -9999 -9999 -9999 -9999 -9999 -9999 -9999 -9999 -9999 -9999 -9999 -9999 -9999 -9999 -9999 -9999 -9999 -9999 86.473 86.4637 86.454 86.4441 86.4399 86.4267 86.4197 86.4071 86.3888 86.4007 86.377 86.3596 86.3484 86.3436 86.3355 86.3242 86.3096 86.3066 86.2974 86.2849 86.266 86.2589 86.2456 86.2236 86.2078 86.2014 86.1893 86.1714 86.1569 86.1487 86.1347 86.1268 86.1035 86.08 86.0742 86.062 86.0496 86.0249 86.0028 86.0045 85.9914 85.9756 85.969 85.9568 85.9449 85.9332 -9999 -9999 -9999
-9999 -9999 -9999 -9999 -9999 -9999 -9999 -9999 -9999 -9999 -9999 -9999 -9999 -9999 -9999 -9999 -9999 -9999 -9999 -9999 -9999 -9999 -9999 86.482 86.47 86.4456 86.442 86.4261 86.4279 86.4206 86.4077 86.3981 86.3798 86.3767 86.365 86.3475 86.3454 86.3466 86.3355 86.3242 86.2945 86.3006 86.2884 86.2729 86.257 86.2469 86.2456 86.2206 86.2078 86.1984 86.1833 86.1714 86.1569 86.1456 86.1257 86.1058 86.0975 86.083 86.0682 86.062 86.0346 86.0219 86.0088 86.0045 85.9914 85.9666 85.96 85.9388 85.9329 85.9152 85.9069 -9999 -9999
-9999 -9999 -9999 -9999 -9999 -9999 -9999 -9999 -9999 -9999 -9999 -9999 -9999 -9999 -9999 -9999 -9999 -9999 -9999 -9999 -9999 -9999 86.4876 86.4789 86.4669 86.4455 86.4419 86.429 86.4188 86.4205 86.3896 86.383 86.3676 86.3616 86.3529 86.3444 86.3303 86.3344 86.3174 86.3031 86.2914 86.2885 86.2853 86.2607 86.2449 86.2348 86.2155 86.2114 86.1987 86.1863 86.1741 86.1653 86.1478 86.1335 86.1286 86.1147 86.0944 86.0859 86.053 86.0469 86.0375 86.0187 85.9997 85.9924 85.9793 85.9634 85.9509 85.9447 85.9267 85.9121 85.8978 -9999 -9999
86.7219 -9999 -9999 -9999 -9999 -9999 -9999 -9999 -9999 -9999 -9999 -9999 -9999 -9999 -9999 -9999 -9999 86.5192 -9999 -9999 -9999 86.4899 86.4694 86.4757 86.4606 86.4363 86.4447 86.4198 86.4155 86.4053 86.3864 86.3768 86.3644 86.3434 86.3407 86.3382 86.3241 86.3132 86.3082 86.2969 86.2852 86.2763 86.2791 86.2575 86.2387 86.2346 86.2062 86.1992 86.1925 86.1711 86.1619 86.1531 86.1386 86.1243 86.1254 86.0994 86.0852 86.0737 86.0528 86.0377 86.0133 86.0005 85.9845 85.9862 85.9641 85.9602 85.9447 85.9295 85.9235 85.9089 85.8886 85.8805 -9999
86.7186 86.7074 -9999 -9999 86.6862 86.6717 86.6659 -9999 86.6383 86.6376 86.6186 86.6112 86.5921 86.5703 -9999 86.5485 86.5306 86.5249 86.5076 -9999 -9999 86.4866 86.4781 86.4664 86.4604 86.445 86.4414 86.4135 86.4063 86.405 86.3831 86.3675 86.3642 86.3431 86.3284 86.3229 86.3058 86.301 86.2989 86.2966 86.267 86.264 86.2518 86.2423 86.2264 86.2133 86.206 86.2019 86.1772 86.1648 86.1527 86.1408 86.1293 86.109 86.0921 86.0812 86.0729 86.0584 86.0406 86.0194 86.007 86.0033 85.9902 85.9709 85.9638 85.948 85.9294 85.9172 85.9053 85.9086 85.8883 85.8712 85.8634
86.6974 86.7071 86.6962 86.6912 86.689 86.6595 86.6506 86.6445 86.6321 86.6223 86.6093 86.596 86.5799 86.57 86.5575 86.5483 86.5393 86.5277 86.5074 86.4993 86.4915 86.4893 86.4749 86.4602 86.4511 86.4388 86.4232 86.4072 86.385 86.3808 86.3709 86.3582 86.3369 86.3309 86.3161 86.3077 86.3086 86.3007 86.2927 86.2753 86.2577 86.2548 86.2425 86.23 86.2022 86.1951 86.1877 86.1777 86.165 86.1495 86.1374 86.1316 86.102 86.0968 86.0829 86.0749 86.0547 86.0581 86.0223 85.9922 85.9977 85.979 85.975 85.9647 85.9545 85.9387 85.9232 85.9109 85.899 85.8994 85.882 85.865 85.8572
86.7002 86.692 86.69 86.6761 86.6679 86.6683 86.6565 86.6383 86.6289 86.6162 86.6002 86.5808 86.5737 86.5609 86.5514 86.5421 86.5272 86.5126 86.5012 86.4932 86.4793 86.4682 86.4568 86.457 86.445 86.4297 86.414 86.3951 86.3819 86.3716 86.3617 86.3491 86.3308 86.3097 86.307 86.2926 86.2754 86.2826 86.2775 86.2692 86.2486 86.2456 86.2334 86.2059 86.208 86.1889 86.1726 86.1626 86.1498 86.1374 86.1193 86.1104 86.0959 86.0817 86.0707 86.0568 86.0515 86.013 85.9952 85.998 85.9856 85.9759 85.9628 85.9525 85.9514 85.9266 85.917 85.9048 85.8839 85.8752 85.8609 85.8589 85.848
86.6942 86.6859 86.681 86.6671 86.6618 86.6533 86.6384 86.6353 86.6379 86.6041 86.5911 86.5778 86.5647 86.5488 86.5423 86.5451 86.5211 86.4855 86.4892 86.4841 86.4733 86.4622 86.4537 86.451 86.4449 86.4146 86.405 86.3921 86.3728 86.3686 86.3497 86.337 86.3187 86.3037 86.298 86.2865 86.2694 86.2705 86.2685 86.2512 86.2215 86.2186 86.2123 86.2058 86.205 86.1799 86.1605 86.1535 86.1288 86.1194 86.1072 86.0954 86.0869 86.0666 86.0557 86.0327 86.0215 86.007 85.9921 85.983 85.9766 85.9578 85.9538 85.9285 85.9304 85.9175 85.902 85.8868 85.8658 85.8692 85.8579 85.8528 85.845
86.6912 86.6859 86.672 86.6761 86.6498 86.6503 86.6234 86.6173 86.6019 86.5952 86.5821 86.5748 86.5557 86.5489 86.5243 86.5241 86.5122 86.4855 86.4832 86.4721 86.4703 86.4502 86.4357 86.43 86.4179 86.4056 86.393 86.3861 86.3818 86.3686 86.3407 86.3191 86.3127 86.2977 86.301 86.2805 86.2754 86.2615 86.2505 86.2392 86.2215 86.2096 86.1974 86.1938 86.193 86.1709 86.1275 86.1175 86.1168 86.1104 86.0922 86.0834 86.0689 86.0486 86.0377 86.0297 86.0065 85.998 85.9831 85.962 85.9706 85.9458 85.9268 85.9195 85.9154 85.9025 85.89 85.8748 85.8658 85.8542 85.8489 85.8318 85.836
86.6852 86.6769 86.66 86.655 86.6468 86.6353 86.6264 86.6083 86.5809 86.5981 86.5671 86.5658 86.5527 86.5368 86.5243 86.5151 86.5001 86.4915 86.4742 86.4631 86.4523 86.4441 86.4297 86.418 86.3909 86.3906 86.384 86.374 86.3608 86.3446 86.3317 86.331 86.3067 86.2977 86.2829 86.2595 86.2574 86.2555 86.2505 86.2271 86.2155 86.1976 86.1793 86.1788 86.169 86.1529 86.1305 86.1175 86.1078 86.0923 86.0922 86.0744 86.0568 86.0366 86.0227 86.0087 86.0035 85.9829 85.9681 85.947 85.9465 85.9368 85.9178 85.9105 85.9093 85.8875 85.878 85.8598 85.8478 85.8392 85.8368 85.8198 85.821
86.67 86.6588 86.6539 86.6489 86.6317 86.6231 86.6203 86.5992 86.5897 86.58 86.567 86.5507 86.5375 86.5247 86.5212 86.512 86.485 86.4734 86.462 86.451 86.4432 86.438 86.4176 86.4088 86.3968 86.3875 86.3779 86.3559 86.3487 86.3115 86.3166 86.3009 86.2976 86.2856 86.2678 86.2474 86.2452 86.2434 86.2264 86.215 86.1974 86.1885 86.1792 86.1667 86.1539 86.1407 86.1244 86.0934 86.0927 86.0832 86.0711 86.0563 86.0447 86.0215 86.0075 86.0026 85.9914 85.9618 85.965 85.9499 85.9404 85.9217 85.8997 85.8953 85.8852 85.8844 85.8659 85.8566 85.8477 85.8271 85.8187 85.8167 85.8148
86.6518 86.6466 86.6506 86.6367 86.6195 86.6139 86.6051 86.593 86.5895 86.5768 86.5608 86.5474 86.5283 86.5155 86.506 86.4967 86.4878 86.4462 86.4618 86.4298 86.4339 86.4108 86.4144 86.3996 86.3876 86.3753 86.3716 86.3497 86.3365 86.3203 86.3073 86.3007 86.2884 86.2703 86.2646 86.2382 86.233 86.2222 86.2141 86.1998 86.1822 86.1762 86.176 86.1455 86.1446 86.1285 86.1062 86.0932 86.0864 86.062 86.0649 86.026 86.0205 86.0123 85.9983 85.9844 85.9671 85.9526 85.9558 85.9376 85.9132 85.9095 85.8905 85.8801 85.879 85.8662 85.8566 85.8474 85.8355 85.8208 85.8185 85.8045 85.7996
86.6396 86.6223 86.6294 86.6214 86.6042 86.6017 86.6018 86.5807 86.5743 86.5555 86.5365 86.5292 86.5161 86.5032 86.4997 86.4755 86.4755 86.4429 86.4436 86.4355 86.4277 86.4135 86.3991 86.3904 86.3753 86.369 86.3654 86.3344 86.3272 86.314 86.2981 86.2944 86.2731 86.2641 86.2433 86.2409 86.2268 86.2129 86.1959 86.1905 86.1849 86.155 86.1517 86.1392 86.1234 86.1132 86.0939 86.0839 86.0682 86.0497 86.0436 86.0288 86.0142 86.009 85.9801 85.9631 85.9609 85.9403 85.9345 85.9224 85.9069 85.8942 85.8812 85.8709 85.8607 85.8509 85.8384 85.8381 85.8202 85.8146 85.7852 85.7922 85.7844
86.6333 86.6221 86.6141 86.6182 86.598 86.5834 86.5806 86.5714 86.559 86.5373 86.5363 86.5199 86.5068 86.497 86.4905 86.4722 86.4603 86.4427 86.4433 86.4353 86.4184 86.4103 86.3959 86.3841 86.3691 86.3598 86.3471 86.3312 86.321 86.3047 86.2918 86.2792 86.2639 86.2518 86.2401 86.2437 86.2205 86.2067 86.1896 86.1873 86.1727 86.1577 86.1395 86.124 86.1051 86.086 86.0727 86.0657 86.0529 86.0375 86.0134 86.0105 86.008 85.9818 85.9708 85.9599 85.9456 85.9251 85.9283 85.9101 85.8917 85.879 85.8719 85.8616 85.8515 85.8327 85.8261 85.8169 85.808 85.7993 85.797 85.789 85.7691
86.6332 86.6069 86.593 86.591 86.5858 86.5773 86.5714 86.5533 86.5499 86.5341 86.5241 86.5108 86.4977 86.4848 86.4633 86.4661 86.4601 86.4365 86.4312 86.4231 86.4183 86.4041 86.3927 86.375 86.3599 86.3536 86.341 86.3281 86.3178 86.3016 86.2767 86.279 86.2607 86.2427 86.2279 86.2165 86.1964 86.1945 86.1865 86.1721 86.1695 86.1546 86.1303 86.1178 86.099 86.0859 86.0695 86.0475 86.0408 86.0254 86.0132 85.9954 85.9899 85.9786 85.9647 85.9537 85.9365 85.919 85.9011 85.898 85.8766 85.8668 85.8568 85.8495 85.8394 85.8265 85.817 85.7988 85.7898 85.7842 85.7789 85.7678 85.763
86.6061 86.5919 86.581 86.573 86.5558 86.5622 86.5504 86.5473 86.5228 86.5311 86.5061 86.4988 86.4886 86.4698 86.4573 86.454 86.4451 86.4335 86.4221 86.4111 86.4152 86.3981 86.3897 86.3659 86.3659 86.3446 86.3349 86.322 86.3208 86.2956 86.2796 86.267 86.2547 86.2366 86.2219 86.2105 86.2023 86.1885 86.1835 86.1631 86.1455 86.1245 86.1183 86.1058 86.093 86.0858 86.0665 86.0445 86.0407 86.0163 86.0042 85.9953 85.9868 85.9666 85.9586 85.9357 85.9245 85.9099 85.8891 85.8859 85.8735 85.8578 85.8448 85.8314 85.8243 85.8115 85.805 85.7867 85.7778 85.7782 85.7698 85.7678 85.7599
86.5941 86.5679 86.56 86.558 86.5468 86.5412 86.5354 86.5233 86.5138 86.5221 86.4971 86.4988 86.4826 86.4668 86.4573 86.448 86.4391 86.4275 86.4131 86.4081 86.4003 86.3891 86.3777 86.3629 86.3509 86.3296 86.3289 86.319 86.2998 86.2806 86.2586 86.255 86.2517 86.2307 86.2159 86.2135 86.1873 86.1765 86.1655 86.1511 86.1335 86.1155 86.1063 86.0968 86.09 86.0648 86.0395 86.0325 86.0228 86.0073 85.9952 85.9744 85.9688 85.9576 85.9466 85.9297 85.9125 85.9009 85.8921 85.883 85.8645 85.8458 85.8328 85.8194 85.8063 85.7845 85.787 85.7747 85.7628 85.7572 85.7548 85.7498 85.7569
86.5941 86.5799 86.5629 86.546 86.5348 86.5292 86.5174 86.4993 86.4958 86.4951 86.4881 86.4777 86.4616 86.4548 86.4513 86.433 86.4271 86.4095 86.3951 86.3871 86.3942 86.3771 86.3687 86.3509 86.3449 86.3266 86.3139 86.301 86.2848 86.2656 86.2556 86.243 86.2367 86.2096 86.2039 86.1925 86.1813 86.1645 86.1504 86.1421 86.1335 86.1065 86.0973 86.0848 86.0689 86.0438 86.0335 86.0235 86.0107 85.9983 85.9772 85.9653 85.9538 85.9426 85.9406 85.9207 85.9004 85.8979 85.8771 85.8559 85.8435 85.8308 85.8117 85.8074 85.7943 85.7815 85.7689 85.7567 85.7478 85.7361 85.7368 85.7348 85.7269
86.6 86.5858 86.5748 86.5459 86.5316 86.5201 86.5083 86.4931 86.4837 86.471 86.4789 86.4626 86.4435 86.4367 86.4301 86.4209 86.412 86.4033 86.392 86.393 86.3821 86.356 86.3535 86.3388 86.3358 86.3204 86.2958 86.2829 86.2697 86.2594 86.2495 86.2369 86.2215 86.2065 86.1918 86.1743 86.1752 86.1554 86.1443 86.121 86.1183 86.1124 86.0942 86.0576 86.0628 86.0497 86.0274 86.0143 85.9986 85.9802 85.965 85.9592 85.9387 85.9244 85.9015 85.8996 85.8763 85.8738 85.8589 85.8378 85.8314 85.8187 85.8176 85.7893 85.7672 85.7633 85.7568 85.7446 85.7327 85.715 85.7187 85.7256 85.7298
86.5908 86.5765 86.5656 86.5486 85.6677 85.6542 85.6406 85.627 86.4715 86.4707 86.4577 86.4534 86.4463 86.4244 86.4149 86.3997 86.4057 86.3971 86.3708 86.3747 86.3639 86.3527 86.3503 86.3206 86.3145 86.2992 86.2926 86.2767 86.2634 86.2442 86.2493 86.2246 86.2123 86.2003 86.1915 86.1741 86.16 86.1461 86.1291 86.1208 86.1181 86.0822 86.0759 86.0634 86.0446 86.0315 86.0151 86.0081 85.9924 85.956 85.9498 85.941 85.9265 85.9122 85.9013 85.8993 85.8761 85.8706 85.8407 85.8316 85.8102 85.8064 85.7844 85.7741 85.746 85.7451 85.7356 85.7144 85.7114 85.7058 85.7005 85.6984 85.7026
85.7276 85.714 85.7005 85.6869 86.5311 86.5196 86.5108 86.4866 85.6078 85.5942 85.5806 86.4321 86.413 86.4062 86.3996 86.3934 86.3845 86.3818 86.3705 86.3655 86.3486 86.3375 86.326 86.3083 86.3023 86.2929 86.2803 86.2644 86.2452 86.2379 86.228 86.2214 86.2061 86.194 86.1823 86.1648 86.1567 86.1309 86.1078 86.1085 86.0968 86.0789 86.0607 86.0482 86.0323 86.0162 85.9939 85.9868 85.9831 85.9587 85.9346 85.9257 85.9112 85.8969 85.889 85.8811 85.8518 85.8433 85.8434 85.8253 85.8099 85.7942 85.7781 85.7618 85.7457 85.7269 85.7173 85.6991 85.7022 85.6815 85.6852 85.6771 85.6813
86.5873 86.567 86.5531 86.5421 86.5309 86.5044 86.5075 86.4834 86.471 86.4432 86.4332 85.5614 85.5455 86.3909 86.3874 86.3842 86.3692 86.3666 86.3553 86.3472 86.3334 86.3192 86.3078 86.2931 86.293 86.2837 86.2711 86.2551 86.2329 86.2257 86.2158 86.2031 86.1938 86.1848 86.182 86.1556 86.1385 86.1126 86.1076 86.0962 86.0876 86.0637 86.0484 86.0299 86.0231 86.01 85.9936 85.9776 85.9529 85.9494 85.9403 85.9135 85.9019 85.8847 85.8738 85.8598 85.8486 85.831 85.8312 85.8221 85.7976 85.7939 85.7629 85.7556 85.7394 85.7206 85.7111 85.6929 85.6839 84.5815 85.6639 85.6589 85.6631
86.5841 86.5669 86.5529 86.545 86.5338 86.5282 86.5074 86.4923 86.4768 86.4581 86.4331 86.4168 85.5422 85.5286 86.3663 86.363 86.3541 85.4629 86.3491 86.3261 86.3212 86.3101 86.2897 86.2899 86.2809 86.2686 86.2559 86.252 86.2298 86.2136 86.2096 86.185 86.1637 86.1606 86.1519 86.1375 86.1233 86.1215 86.1104 86.0751 86.0695 86.0575 86.0273 86.0298 86.0199 86.0068 85.9845 85.9745 85.9557 85.9433 85.9312 85.9193 85.8988 85.8786 85.8736 85.8627 85.8484 85.8339 85.8251 85.8219 85.7915 85.7788 85.7748 85.7494 85.7513 85.7385 85.7229 85.6927 84.601 85.6661 84.562 84.5483 85.6269
86.5871 86.5819 86.5679 86.548 86.5367 86.5132 86.5134 86.4952 86.4978 86.4731 86.448 86.4287 86.4036 86.3848 85.5094 85.4958 85.4822 86.3394 85.4437 85.43 85.4164 85.4028 86.2806 86.2839 86.2689 86.2565 86.2469 86.234 86.2088 86.2015 86.1886 86.17 86.1636 86.1336 86.1279 86.1224 86.1053 86.0885 86.0864 86.0721 86.0604 86.0545 86.0213 86.0237 86.0049 85.9918 85.9725 85.9564 85.9587 85.9343 85.9251 85.9253 85.9108 85.8905 85.8766 85.8686 85.8514 85.8249 85.816 85.8069 85.7885 85.7817 85.7687 85.7554 85.7423 85.7294 85.7199 84.6205 85.6777 85.6661 85.6488 85.6347 84.5288
86.5991 86.5879 86.5739 86.554 86.5397 86.5312 86.5254 86.5012 86.4858 86.4701 86.442 86.4227 86.4126 86.3968 86.3782 86.363 86.3511 86.3334 86.3161 86.2871 86.2912 86.2921 85.3835 86.2629 86.2569 86.2445 86.2319 86.219 86.2058 86.1925 86.1796 86.158 86.1546 86.1516 86.1249 86.1104 85.1199 85.1062 85.0925 85.0788 86.0574 86.0395 86.0183 85.0127 84.999 84.9853 85.9725 85.9504 85.9587 85.9343 85.9162 85.9043 84.8552 85.8815 85.8736 84.8026 84.7889 84.7751 85.813 85.8069 85.7945 85.7878 85.7657 85.7584 84.6675 84.6537 84.64 85.6957 85.6808 85.6661 85.6488 85.6317 85.6119
86.6111 86.5938 86.5799 86.575 86.5487 86.5372 86.5223 86.5042 86.4798 86.4731 86.463 86.4497 86.4276 86.4117 86.3872 86.369 86.3511 86.3334 86.3101 86.305 86.2942 86.2801 86.2686 85.3643 85.3506 85.337 86.2229 86.207 86.2087 86.1955 86.1826 86.149 86.1486 86.1426 86.1189 85.1392 86.0933 86.0854 86.0714 86.0601 85.0595 85.0458 85.0321 86.0147 86.0019 85.9828 84.9659 85.9534 84.9272 85.9283 84.8884 84.8746 85.8808 84.8358 84.8221 85.8506 85.8394 85.8249 84.7557 84.742 84.7282 84.7144 84.7007 84.6869 85.7393 85.7204 85.7079 85.6987 85.6777 85.6661 85.6488 85.6377 85.6149
86.6139 86.5997 86.5858 86.5658 86.5516 86.543 86.5222 86.5041 86.4917 86.4789 86.4659 86.4496 86.4274 86.4116 86.3931 86.3809 86.3599 86.3363 86.3219 86.3109 86.2851 86.2739 86.2655 86.2628 86.2477 86.2324 85.3177 86.2068 86.1936 86.1774 85.2518 85.2382 85.2245 86.1365 86.1157 86.1073 85.1585 86.0823 86.0653 86.0599 86.0453 86.0394 86.0301 86.0146 86.0018 85.9856 85.9633 84.9465 85.9436 84.9078 85.913 85.8982 85.8896 85.8754 85.8494 85.8595 85.8423 85.8367 85.8129 85.8188 85.7883 85.7756 85.7716 85.7523 85.7391 85.7233 85.7048 85.6955 85.6716 85.654 85.6366 85.6226 85.5997
86.6107 86.6115 86.5945 86.5806 86.5784 86.5458 86.525 86.5129 86.4974 86.4847 86.4717 86.4493 86.4332 86.4174 86.4049 86.3896 86.3717 86.3451 86.3337 86.3227 86.3118 86.2947 86.2803 86.2655 86.2505 86.2292 86.2285 85.2984 85.2848 85.2711 86.1702 86.1546 86.1453 85.2052 85.1915 85.1779 86.0899 86.0821 86.083 86.0657 86.0571 86.0421 86.0299 86.0144 86.0015 85.9944 85.9751 85.9681 85.9493 85.9309 85.9128 85.9099 85.8984 85.8872 85.8822 85.8743 85.872 85.8515 85.8367 85.8185 85.7941 85.7814 85.7743 85.755 85.7509 85.7261 85.7105 85.6953 85.6594 85.6477 85.6244 85.6164 85.5995
86.6225 86.6112 86.5973 86.5863 86.5721 86.5576 86.5367 86.5276 86.5152 86.4904 86.4834 86.4371 86.439 86.4261 86.4166 86.3984 86.3924 86.3628 86.3425 86.3314 86.3206 86.3004 86.268 86.2623 86.2532 86.2469 86.2283 86.2123 86.2021 86.1799 86.161 86.1483 86.148 86.136 86.1332 86.1248 86.1047 86.0938 86.0798 86.0594 86.0658 86.0419 86.0206 86.0381 86.0133 86.0001 85.9868 85.9738 85.9581 85.9456 85.9215 85.9277 85.9161 85.8989 85.8939 85.895 85.8748 85.8632 85.8574 85.8303 85.7938 85.8051 85.7891 85.7728 85.7536 85.7348 85.7133 85.695 85.6681 85.6475 85.6421 85.6131 85.5932
86.6132 86.608 86.603 86.5891 86.5749 86.5603 86.5575 86.5333 86.5179 86.5022 86.4832 86.4578 86.4537 86.4439 86.4374 86.4161 86.3862 86.3746 86.3452 86.3402 86.3383 86.3092 86.3008 86.277 86.268 86.2557 86.24 86.2121 86.2049 86.1857 86.1817 86.1781 86.1538 86.1327 86.13 86.1156 86.1164 86.0996 86.0855 86.0712 86.0596 86.0506 86.0384 86.0319 86.028 86.0029 85.9866 85.9856 85.9728 85.9544 85.9363 85.9274 85.9189 85.9017 85.8877 85.8798 85.8775 85.86 85.8482 85.83 85.8056 85.8079 85.7948 85.7755 85.7594 85.7556 85.704 85.7128 85.6979 85.6592 85.6509 85.6339 85.593
