Old Versions/Tamrur_site.asc
ncols   417
nrows   200
xllcorner   196451
yllcorner   392250
cellsize   0.500
NODATA_value  -9999
[rows 96 to 127 of 200, columns 219 to 291 of 417]
86.6341 86.6258 86.6059 86.586 86.5807 86.5662 86.5604 86.5362 86.5208 86.5051 86.492 86.4787 86.4626 86.4498 86.4342 86.413 86.4131 86.3834 86.3661 86.352 86.3412 86.3211 86.3036 86.2889 86.2799 86.2705 86.2549 86.245 86.2197 86.2065 86.1936 86.178 86.1536 86.1506 86.1359 86.1334 86.1223 86.1114 86.0854 86.0741 86.0654 86.0595 86.0473 86.0287 86.0339 86.0118 85.9955 85.9854 85.9727 85.9543 85.9451 85.9213 85.9338 85.9195 85.8996 85.8976 85.8804 85.8659 85.848 85.8329 85.8175 85.7987 85.7887 85.7784 85.7623 85.7464 85.7189 85.7157 85.6977 85.6681 85.6508 85.6277 85.6139
86.6431 86.6378 86.6119 86.6039 86.5927 86.5812 86.5723 86.5512 86.5268 86.514 86.492 86.4877 86.4746 86.4497 86.4342 86.425 86.416 86.3954 86.3781 86.355 86.3472 86.336 86.3216 86.3159 86.2888 86.2765 86.2579 86.2449 86.2377 86.2215 86.2116 86.1869 86.1716 86.1566 86.1478 86.1394 86.1313 86.1174 86.0884 86.08 86.0624 86.0715 86.0532 86.0407 86.0249 86.0147 85.9984 85.9884 85.9817 85.9632 85.9511 85.9423 85.9397 85.9165 85.9086 85.8976 85.8804 85.8748 85.848 85.8359 85.8294 85.8137 85.7887 85.7724 85.7562 85.7434 85.7279 85.7096 85.6887 85.6741 85.6597 85.6217 85.5989
86.6521 86.6348 86.6209 86.6159 86.5957 86.5752 86.5753 86.5662 86.5418 86.523 86.504 86.4937 86.4836 86.4617 86.4402 86.434 86.422 86.4074 86.3871 86.373 86.3562 86.345 86.3336 86.3159 86.2828 86.2885 86.2849 86.2689 86.2347 86.2305 86.2116 86.1899 86.1746 86.1716 86.1478 86.1454 86.1463 86.1204 86.1034 86.092 86.0804 86.0715 86.0562 86.0497 86.0339 86.0208 86.0134 85.9974 85.9727 85.9722 85.9571 85.9453 85.9397 85.9255 85.9176 85.9036 85.8834 85.8718 85.845 85.8449 85.8234 85.8137 85.7977 85.7754 85.7562 85.7434 85.7279 85.7127 85.6947 85.6771 85.6597 85.6397 85.6109
86.655 86.6378 86.6239 86.6129 86.5987 86.5931 86.5813 86.5632 86.5447 86.532 86.507 86.5027 86.5015 86.4797 86.4582 86.4489 86.431 86.4134 86.393 86.385 86.3682 86.348 86.3486 86.3248 86.3128 86.3125 86.2878 86.2719 86.2527 86.2335 86.2145 86.2019 86.1986 86.1745 86.1628 86.1514 86.1282 86.1294 86.1094 86.101 86.0984 86.0804 86.0682 86.0557 86.0429 86.0177 86.0104 85.9974 85.9906 85.9752 85.9541 85.9482 85.9367 85.9345 85.9115 85.8976 85.8774 85.8688 85.857 85.8448 85.8354 85.8257 85.7827 85.7753 85.7622 85.7494 85.7249 85.7156 85.7097 85.6801 85.6597 85.6307 85.6198
86.6639 86.6347 86.6297 86.6188 86.6105 86.599 86.5842 86.56 86.5536 86.5529 86.5309 86.5145 86.4984 86.4856 86.47 86.4548 86.4339 86.4282 86.4109 86.4029 86.383 86.3629 86.3484 86.3247 86.3127 86.2973 86.2877 86.2808 86.2586 86.2513 86.2294 86.2108 86.1984 86.1834 86.1687 86.1602 86.1431 86.1413 86.1272 86.1369 86.1042 86.0773 86.0771 86.0615 86.0517 86.0416 86.0043 85.9972 85.9875 85.9751 85.957 85.9481 85.9426 85.9253 85.9084 85.8915 85.8862 85.8717 85.8598 85.8447 85.8443 85.8226 85.7885 85.7752 85.7561 85.7403 85.7247 85.7095 85.6976 85.6889 85.6446 85.6365 85.6107
86.6697 86.6404 86.6355 86.6275 86.6163 86.6078 86.5959 86.5688 86.5594 86.5496 86.5366 86.5203 86.4922 86.4883 86.4788 86.4636 86.4426 86.431 86.4227 86.3966 86.3858 86.3686 86.3602 86.3545 86.3334 86.3061 86.2935 86.2806 86.2583 86.2331 86.2262 86.2075 86.2042 86.1892 86.1774 86.187 86.1579 86.144 86.133 86.1216 86.11 86.0861 86.0768 86.0643 86.0545 86.0324 86.013 85.991 85.9933 85.9869 85.9537 85.9569 85.9363 85.9221 85.9082 85.8942 85.889 85.8804 85.8566 85.8355 85.8321 85.8133 85.7823 85.763 85.7588 85.737 85.7155 85.7063 85.6913 85.6707 85.6503 85.6363 85.6045
86.6754 86.6642 86.6592 86.6333 86.625 86.6105 86.5837 86.5745 86.5621 86.5524 86.5513 86.526 86.5129 86.4941 86.4815 86.4693 86.4544 86.4337 86.4194 86.4084 86.3975 86.3744 86.3719 86.3782 86.3152 86.3148 86.2962 86.2833 86.2731 86.2598 86.2349 86.2223 86.2069 86.1919 86.1832 86.1837 86.1636 86.1438 86.1357 86.1274 86.1277 86.0978 86.0826 86.064 86.0512 86.0201 86.0248 86.0117 86.005 85.9866 85.9685 85.9506 85.9301 85.9248 85.9139 85.897 85.8857 85.8742 85.8653 85.8532 85.8318 85.8071 85.797 85.7747 85.7616 85.7518 85.7242 85.703 85.6851 85.6734 85.6381 85.639 85.6042
86.6722 86.6609 86.65 86.624 86.6188 86.6013 86.6074 86.5983 86.5559 86.5551 86.5421 86.5198 86.5187 86.4998 86.4873 86.4781 86.4661 86.4425 86.4282 86.4141 86.3973 86.3801 86.3777 86.363 86.3389 86.3326 86.311 86.2981 86.2758 86.2596 86.2377 86.237 86.2097 86.2097 86.1919 86.1865 86.1694 86.1585 86.1355 86.1331 86.1155 86.1036 86.0883 86.0698 86.06 86.0409 86.0275 86.0145 85.9988 85.9924 85.9712 85.9654 85.9388 85.9246 85.9107 85.8937 85.8765 85.8769 85.8591 85.853 85.8316 85.8188 85.8028 85.7745 85.7613 85.7485 85.727 85.7028 85.6788 85.6612 85.6498 85.6388 85.613
86.675 86.6548 86.6529 86.6329 86.6217 86.6161 86.6013 86.5892 86.5677 86.558 86.548 86.5352 86.5245 86.4937 86.4872 86.478 86.466 86.4454 86.434 86.42 86.4032 86.392 86.3746 86.3628 86.3478 86.3325 86.3138 86.2949 86.2757 86.2595 86.2525 86.2399 86.2156 86.2066 86.1948 86.1834 86.1662 86.1764 86.1654 86.136 86.1214 86.1064 86.0942 86.0787 86.0689 86.0437 86.0364 86.0174 86.0047 85.9832 85.9681 85.9533 85.9387 85.9245 85.9105 85.8846 85.8944 85.8768 85.859 85.8499 85.8344 85.8187 85.7997 85.7773 85.7552 85.7394 85.7209 85.6996 85.6787 85.6671 85.6497 85.6297 85.6128
86.6703 86.6608 86.6498 86.6239 86.6217 86.6041 86.6013 86.5921 86.5737 86.558 86.5428 86.5296 86.5168 86.5076 86.4872 86.4787 86.4681 86.4521 86.431 86.414 86.4031 86.392 86.3656 86.3688 86.3598 86.3325 86.3168 86.3069 86.2847 86.2714 86.2585 86.2339 86.2336 86.1915 86.2068 86.1894 86.1812 86.1674 86.1533 86.127 86.1244 86.1094 86.0972 86.0877 86.0718 86.0497 86.0334 86.0174 86.0046 85.9772 85.9621 85.9532 85.9357 85.9155 85.9075 85.8906 85.8883 85.8828 85.874 85.8498 85.8314 85.8157 85.7996 85.7773 85.7612 85.7424 85.7208 85.7026 85.6847 85.667 85.6497 85.6297 85.6038
86.6438 86.6525 86.6377 86.638 86.6247 86.6068 86.5994 86.5854 86.5707 86.5588 86.5432 86.5241 86.5023 86.49 86.4873 86.4749 86.4596 86.4495 86.437 86.408 86.4001 86.389 86.3686 86.3748 86.3508 86.3295 86.3198 86.3069 86.2847 86.2835 86.2705 86.2489 86.2276 86.2155 86.2038 86.1924 86.1752 86.1644 86.1563 86.124 86.1214 86.1184 86.1002 86.0847 86.0688 86.0497 86.0334 86.0264 86.0136 85.9982 85.9651 85.9562 85.9537 85.9245 85.9105 85.8996 85.8913 85.8798 85.868 85.8498 85.8284 85.8217 85.7996 85.7803 85.7582 85.7484 85.7238 85.6966 85.6937 85.673 85.6467 85.6387 85.6128
86.6441 86.6348 86.6261 86.6233 86.6216 86.6042 86.5938 86.5678 86.5533 86.5442 86.5316 86.5124 86.4936 86.4814 86.4847 86.4645 86.4479 86.4439 86.4284 86.4169 86.4031 86.392 86.3775 86.3628 86.3478 86.3144 86.3138 86.2979 86.2936 86.2834 86.2645 86.2429 86.2275 86.2245 86.2128 86.1953 86.1662 86.1643 86.1533 86.139 86.1183 86.1124 86.0912 86.0906 86.0658 86.0527 86.0454 86.0233 86.0106 85.9832 85.98 85.9592 85.9387 85.9304 85.9105 85.9085 85.8883 85.8828 85.8679 85.8558 85.8404 85.8216 85.8026 85.7803 85.7612 85.7243 85.7208 85.7146 85.6816 85.67 85.6497 85.6356 85.6038
86.6293 86.644 86.6202 86.6055 86.5932 86.5863 86.5879 86.559 86.5475 86.5384 86.5198 86.5036 86.4848 86.4665 86.4518 86.4497 86.4421 86.4351 86.4279 86.4167 86.4081 86.3918 86.3833 86.3687 86.3506 86.3323 86.3167 86.3067 86.2905 86.2743 86.2644 86.2487 86.2334 86.2214 86.2096 86.1952 86.1781 86.1672 86.1592 86.1448 86.1302 86.1153 86.1 86.0875 86.0717 86.0495 86.0422 86.0322 86.0225 85.992 85.9709 85.9531 85.9415 85.9213 85.9224 85.9144 85.9062 85.8856 85.8678 85.8677 85.8342 85.8215 85.8055 85.7832 85.746 85.7392 85.7237 85.7144 85.6875 85.6699 85.6495 85.6295 85.6007
86.6233 86.614 86.6082 86.5905 86.5842 86.5833 86.5699 86.562 86.5355 86.5204 86.5108 86.4946 86.4818 86.4665 86.4638 86.4377 86.4331 86.4351 86.4166 86.4016 86.3961 86.39 86.3802 86.3671 86.3503 86.3381 86.3254 86.3125 86.2903 86.277 86.2611 86.2455 86.2332 86.2271 86.2064 86.198 86.1748 86.164 86.1589 86.1506 86.121 86.115 86.1028 86.0843 86.0834 86.0613 86.051 86.026 86.0102 85.9918 85.9707 85.9558 85.9473 85.9331 85.9251 85.9142 85.8999 85.8914 85.8736 85.8614 85.846 85.8213 85.8082 85.7979 85.7788 85.745 85.7354 85.7082 85.6813 85.6696 85.6553 85.6263 85.6124
86.6112 86.6019 86.6022 86.5814 86.5751 86.5533 86.5579 86.5499 86.5354 86.5173 86.5047 86.5095 86.4847 86.4575 86.4428 86.4436 86.427 86.411 86.4105 86.4076 86.393 86.3839 86.3709 86.352 86.3382 86.3269 86.318 86.3086 86.281 86.2708 86.2609 86.2362 86.2379 86.2149 86.2091 86.1947 86.1805 86.1667 86.1647 86.1383 86.1237 86.1208 86.1085 86.087 86.0682 86.064 86.0207 86.0197 86.001 85.9915 85.9824 85.9556 85.938 85.9358 85.9338 85.9139 85.9027 85.8971 85.8733 85.8672 85.8307 85.827 85.811 85.7947 85.7755 85.7267 85.7262 85.7109 85.699 85.6874 85.64 85.635 85.6121
86.6022 86.5989 86.5932 86.5784 86.5631 86.5503 86.5519 86.5469 86.5354 86.5113 86.4927 86.4825 86.4697 86.4545 86.4428 86.4346 86.421 86.42 86.4015 86.3986 86.393 86.3689 86.3652 86.352 86.3412 86.3209 86.3 86.2996 86.2746 86.2736 86.2606 86.245 86.2297 86.2086 86.2029 86.1945 86.1833 86.1605 86.1524 86.1351 86.1265 86.1145 86.0933 86.0838 86.0709 86.0608 86.0475 86.0105 86.0067 85.9913 85.9822 85.9523 85.9558 85.9356 85.9306 85.9227 85.9114 85.8969 85.8791 85.8669 85.8485 85.8298 85.8198 85.7944 85.7663 85.7595 85.7349 85.7107 85.6988 85.6781 85.6578 85.6378 85.6119
86.5964 86.5901 86.5844 86.5816 86.5603 86.5505 86.5461 86.5321 86.5206 86.5085 86.4839 86.4707 86.4549 86.4517 86.44 86.4288 86.4122 86.4052 86.3957 86.3868 86.3722 86.3571 86.3654 86.3492 86.3324 86.3151 86.3002 86.2878 86.2778 86.2674 86.2554 86.2315 86.2292 86.2124 86.2028 86.1883 86.1772 86.1634 86.1493 86.141 86.1293 86.1114 86.0992 86.0836 86.0678 86.0547 86.0384 86.0163 86.0006 85.9792 85.964 85.9732 85.9557 85.9474 85.9335 85.9256 85.9233 85.9058 85.8759 85.8608 85.8394 85.8297 85.8166 85.7973 85.7782 85.7593 85.7438 85.7166 85.7017 85.687 85.6607 85.6526 85.6208
86.5878 86.5815 86.5728 86.567 86.5607 86.5479 86.5374 86.5325 86.527 86.5029 86.4963 86.4741 86.4613 86.4581 86.4374 86.4202 86.4036 86.3966 86.3871 86.3782 86.3696 86.3605 86.3478 86.3376 86.3238 86.3215 86.2946 86.2852 86.2752 86.2622 86.2408 86.2379 86.2205 86.2068 86.1995 86.1793 86.1718 86.1573 86.1513 86.135 86.1263 86.1144 86.0992 86.0893 86.0588 86.0547 86.0413 86.0283 85.9976 85.9852 85.976 85.9672 85.9497 85.9384 85.9305 85.9165 85.9143 85.8848 85.8729 85.8608 85.8484 85.8296 85.8166 85.8033 85.7872 85.7593 85.7468 85.7226 85.7076 85.699 85.6727 85.6526 85.6298
86.5852 86.5759 86.5612 86.5585 86.5582 86.5363 86.5289 86.5359 86.5124 86.4973 86.4847 86.4686 86.4587 86.4555 86.4378 86.4147 86.4041 86.388 86.3755 86.3726 86.37 86.3549 86.3393 86.323 86.3123 86.2949 86.286 86.2706 86.2606 86.2506 86.2412 86.2269 86.203 86.2042 86.191 86.1823 86.1692 86.1573 86.1463 86.132 86.1202 86.1096 86.0962 86.0806 86.0648 86.0487 86.0294 86.0163 85.9976 85.9852 85.985 85.9729 85.9557 85.9414 85.9335 85.9225 85.9083 85.8908 85.8759 85.8608 85.8424 85.8236 85.8106 85.7913 85.7842 85.7653 85.7528 85.7256 85.7136 85.699 85.6757 85.6586 85.6298
86.5826 86.5763 86.5646 86.5528 86.5465 86.5397 86.5232 86.5153 86.4978 86.4917 86.4731 86.4599 86.4501 86.4409 86.4292 86.412 86.3984 86.3854 86.3759 86.373 86.3524 86.3523 86.3336 86.3174 86.3066 86.2953 86.2774 86.256 86.243 86.242 86.2326 86.2237 86.2063 86.1926 86.1853 86.1727 86.1636 86.1453 86.1431 86.1319 86.1175 86.1069 86.0931 86.0776 86.0558 86.0516 86.0173 86.0103 85.9976 85.9917 85.976 85.9492 85.9544 85.9384 85.9334 85.9216 85.9053 85.8967 85.8759 85.8608 85.8423 85.8176 85.8106 85.7973 85.7811 85.7653 85.7468 85.7285 85.7106 85.69 85.6786 85.6646 85.6507
-9999 86.5645 86.5647 86.553 86.5437 86.5338 86.5054 86.4975 86.4949 86.4769 86.4613 86.4511 86.4383 86.429 86.4293 86.4032 86.3986 86.3766 86.3701 86.3581 86.3496 86.3435 86.3308 86.3086 86.3008 86.2835 86.2716 86.2561 86.2431 86.2362 86.2237 86.2148 86.2065 86.1777 86.1765 86.1608 86.1607 86.1512 86.1401 86.1198 86.1111 86.0932 86.084 86.0715 86.0496 86.0395 86.0292 86.0101 86.0004 85.988 85.9759 85.964 85.9525 85.9412 85.9273 85.9128 85.8945 85.8786 85.8728 85.8666 85.8392 85.8265 85.8134 85.8031 85.778 85.7592 85.7496 85.7284 85.7075 85.6928 85.6755 85.6614 85.6416
-9999 -9999 -9999 86.547 86.5407 86.5308 86.5204 86.5034 86.4859 86.4739 86.4552 86.4481 86.4413 86.423 86.4053 86.4092 86.3926 86.3825 86.3551 86.3521 86.3376 86.3404 86.3338 86.3025 86.2948 86.2804 86.2656 86.2501 86.2341 86.2361 86.2237 86.2174 86.2005 86.1867 86.1645 86.1668 86.1528 86.1461 86.1252 86.1195 86.1109 86.096 86.0837 86.0652 86.0314 86.0393 86.0229 86.0039 85.9913 85.9847 85.9689 85.9525 85.9462 85.9333 85.9215 85.9098 85.8989 85.8843 85.8725 85.8574 85.8419 85.8262 85.8132 85.7939 85.7717 85.7589 85.7404 85.7312 85.7162 85.6926 85.6782 85.6642 85.6324
-9999 -9999 -9999 -9999 86.5346 86.5337 86.5053 86.4944 86.4769 86.4708 86.4582 86.436 86.4232 86.4199 86.4082 86.4061 86.3865 86.3585 86.352 86.346 86.3375 86.3314 86.3187 86.3085 86.2917 86.2804 86.2595 86.238 86.2371 86.2241 86.2146 86.2058 86.1944 86.1868 86.1554 86.1548 86.1396 86.1371 86.1281 86.1157 86.1056 86.0927 86.0745 86.0602 86.0521 86.0351 86.0227 86.0093 85.9913 85.9738 85.9568 85.9434 85.9365 85.9272 85.9185 85.9067 85.8956 85.8781 85.8712 85.8481 85.8417 85.823 85.8009 85.7726 85.7715 85.7586 85.7431 85.7279 85.713 85.6923 85.684 85.6549 85.6411
-9999 -9999 -9999 -9999 86.5316 86.5008 86.4963 86.4914 86.4769 86.4618 86.4492 86.442 86.4412 86.42 86.4053 86.3941 86.3895 86.3675 86.352 86.3431 86.3405 86.3284 86.3067 86.2935 86.2827 86.2684 86.2505 86.2441 86.2401 86.2121 86.2026 86.1968 86.1794 86.1747 86.1584 86.1488 86.1426 86.1371 86.1244 86.1041 86.0996 86.083 86.0749 86.0542 86.0479 86.0321 86.0164 85.9973 85.9793 85.9753 85.9568 85.9404 85.9275 85.9182 85.9065 85.8947 85.8884 85.8756 85.8652 85.8509 85.8385 85.8227 85.8037 85.7934 85.7713 85.7554 85.7429 85.7307 85.7127 85.7041 85.6808 85.6637 85.6469
-9999 -9999 -9999 -9999 -9999 -9999 -9999 86.4766 86.4771 86.453 86.4434 86.4272 86.4174 86.4082 86.3965 86.3853 86.3777 86.3557 86.3462 86.3373 86.3437 86.3226 86.3039 86.2907 86.2769 86.2596 86.2507 86.2383 86.2253 86.2063 86.1999 86.203 86.1826 86.1779 86.1466 86.143 86.1432 86.1323 86.1183 86.1039 86.0953 86.0834 86.0681 86.0544 86.0391 86.0233 86.0102 85.9855 85.9846 85.965 85.957 85.9376 85.9247 85.9184 85.8947 85.8979 85.8833 85.8608 85.8564 85.8484 85.8369 85.8226 85.8066 85.793 85.7651 85.7523 85.7398 85.7245 85.7096 85.695 85.6776 85.6546 85.6348
-9999 -9999 -9999 -9999 -9999 -9999 -9999 86.483 86.4655 86.4594 86.4318 86.4216 86.4148 86.4026 86.3819 86.3767 86.3571 86.3501 86.3436 86.3407 86.3381 86.302 86.3073 86.2851 86.2713 86.266 86.2481 86.2357 86.2197 86.2067 86.1943 86.1854 86.171 86.1753 86.1537 86.1494 86.1311 86.1233 86.1153 86.0889 86.0893 86.0773 86.0665 86.0488 86.0335 86.0177 86.0046 85.9919 85.9679 85.9624 85.9544 85.938 85.9251 85.9098 85.8981 85.8923 85.8833 85.8582 85.8508 85.8428 85.8313 85.8166 85.8006 85.7812 85.7651 85.7553 85.7368 85.7275 85.6976 85.689 85.6776 85.6546 85.6287
-9999 -9999 -9999 -9999 -9999 -9999 -9999 -9999 -9999 -9999 86.4292 86.4431 86.4182 86.397 86.3883 86.3742 86.3636 86.3505 86.341 86.3411 86.3235 86.3084 86.2958 86.2825 86.2688 86.2544 86.2485 86.2361 86.2081 86.2041 86.2037 86.1918 86.1775 86.1667 86.1595 86.1378 86.1347 86.1053 86.1063 86.0949 86.0863 86.0751 86.0609 86.0432 86.028 86.0032 86.0043 85.9834 85.9623 85.9478 85.948 85.9264 85.9246 85.9043 85.8985 85.8688 85.8775 85.8586 85.8479 85.8403 85.8257 85.8136 85.7946 85.7812 85.7561 85.7433 85.7308 85.7185 85.7006 85.683 85.6596 85.6396 85.6287
-9999 -9999 -9999 -9999 -9999 -9999 -9999 -9999 -9999 -9999 86.4356 86.4224 86.4096 86.3944 86.3917 86.3655 86.3759 86.3449 86.3414 86.3235 86.3209 86.3058 86.2901 86.2769 86.2661 86.2608 86.2459 86.2335 86.2205 86.2075 86.198 86.1922 86.1748 86.1671 86.1507 86.1332 86.1281 86.1113 86.1032 86.0919 86.083 86.0713 86.0583 86.0406 86.0193 86.0146 85.9893 85.9687 85.9627 85.9542 85.9402 85.9238 85.9216 85.9076 85.8869 85.8781 85.8742 85.859 85.8478 85.8357 85.8141 85.8076 85.7855 85.7692 85.7381 85.7313 85.7157 85.7065 85.6916 85.6709 85.6536 85.6335 85.6197
-9999 -9999 -9999 -9999 -9999 -9999 -9999 -9999 -9999 -9999 -9999 -9999 86.3978 86.4005 86.3798 86.3657 86.3551 86.348 86.3476 86.3176 86.3061 86.3059 86.2933 86.28 86.2693 86.2609 86.2431 86.2336 86.2266 86.2076 86.1952 86.1833 86.175 86.1623 86.1445 86.1271 86.11 86.1111 86.0911 86.0797 86.0711 86.0472 86.0529 86.0348 86.0165 86.0115 85.9875 85.9689 85.9658 85.9543 85.9374 85.918 85.9111 85.9018 85.89 85.8783 85.8711 85.8505 85.8387 85.8296 85.8201 85.7954 85.7824 85.7661 85.7469 85.7191 85.7156 85.7003 85.6824 85.6588 85.6444 85.6274 85.6166
-9999 -9999 -9999 -9999 -9999 -9999 -9999 -9999 -9999 -9999 -9999 -9999 86.4037 86.3855 86.3768 86.3566 86.343 86.342 86.3295 86.3206 86.312 86.3059 86.2962 86.283 86.2632 86.2699 86.246 86.2306 86.2206 86.2016 86.1952 86.1743 86.1711 86.153 86.1413 86.1209 86.1097 86.0989 86.0848 86.0645 86.0619 86.0499 86.0464 86.0197 86.0165 86.0007 85.9875 85.9749 85.9628 85.9507 85.9373 85.9209 85.9051 85.8958 85.887 85.8753 85.866 85.8413 85.8265 85.8143 85.8049 85.7892 85.7701 85.7538 85.7377 85.7189 85.7033 85.6941 85.6732 85.6585 85.6412 85.6092 85.5923
-9999 -9999 -9999 -9999 -9999 -9999 -9999 -9999 -9999 -9999 -9999 -9999 -9999 86.3914 86.3707 86.3536 86.346 86.3359 86.3265 86.3265 86.309 86.3058 86.3028 86.2799 86.2722 86.2608 86.246 86.2365 86.2205 86.2075 86.1928 86.1711 86.1558 86.1408 86.126 86.1116 86.1064 86.0956 86.0786 86.0702 86.0706 86.0527 86.0434 86.0309 86.0121 86.0006 85.9814 85.9658 85.9569 85.9354 85.9293 85.9175 85.9029 85.8947 85.8717 85.8728 85.8526 85.826 85.8232 85.8111 85.7986 85.7799 85.7549 85.7475 85.7284 85.7096 85.6881 85.6788 85.6609 85.6433 85.6259 85.6059 85.589
-9999 -9999 -9999 -9999 -9999 -9999 -9999 -9999 -9999 -9999 -9999 -9999 -9999 -9999 86.3677 86.3566 86.343 86.339 86.3205 86.3175 86.315 86.3029 86.2842 86.28 86.2698 86.2579 86.24 86.2275 86.2127 86.1995 86.1805 86.1619 86.1406 86.1285 86.1108 86.1084 86.0972 86.0834 86.0723 86.064 86.0614 86.0494 86.0312 86.0217 86.0088 85.9976 85.9814 85.9658 85.9446 85.9292 85.9283 85.9022 85.8847 85.8645 85.8655 85.8516 85.8373 85.8228 85.817 85.8078 85.7984 85.7707 85.7487 85.7263 85.7192 85.6944 85.6968 85.6636 85.6487 85.634 85.6107 85.5997 85.5738
