Old Versions/Tamrur_site.asc
ncols   417
nrows   200
xllcorner   196451
yllcorner   392250
cellsize   0.500
NODATA_value  -9999
[rows 32 to 63 of 200, columns 73 to 145 of 417]
88.8766 88.8723 88.8502 88.8314 88.8009 88.7976 88.7797 88.7531 88.7327 88.7247 88.7108 88.6936 88.6822 88.6555 88.6434 88.6311 88.6095 88.5936 88.5713 88.5581 88.5482 88.5386 88.5203 88.5052 88.5055 88.497 88.4769 88.472 88.473 88.4466 88.435 88.4381 88.4228 88.4073 88.4065 88.3784 88.3591 88.358 88.3543 88.3329 88.3208 88.2999 88.2974 88.2891 88.2632 88.2582 88.247 88.2294 88.2206 88.2055 88.184 88.1683 88.1583 88.145 88.1229 88.1161 88.1035 88.0853 88.0764 88.0677 88.0564 -9999 -9999 -9999 -9999 -9999 -9999 -9999 -9999 -9999 -9999 -9999 -9999
88.88 88.8667 88.8356 88.8198 88.8012 88.789 88.7771 88.7504 88.7241 88.7131 88.6992 88.6851 88.6706 88.6499 88.6349 88.6165 88.6129 88.588 88.5748 88.5615 88.5456 88.539 88.5207 88.5026 88.4909 88.4824 88.4653 88.4575 88.4494 88.4291 88.4234 88.4205 88.4023 88.3897 88.3799 88.3818 88.3535 88.3524 88.3397 88.3273 88.3062 88.2943 88.2888 88.2835 88.2696 88.2646 88.2444 88.2299 88.215 88.1939 88.1875 88.1717 88.1557 88.1424 88.1263 88.1105 88.1039 88.0887 88.0768 88.0561 88.0508 88.0397 -9999 -9999 -9999 -9999 -9999 -9999 -9999 -9999 -9999 -9999 -9999
88.8533 88.846 88.8358 88.808 88.8015 88.7922 88.7533 88.7477 88.7243 88.7013 88.6965 88.6703 88.6619 88.6441 88.6201 88.6108 88.5981 88.5852 88.572 88.5528 88.5338 88.5212 88.5149 88.5028 88.4701 88.4737 88.4505 88.4487 88.4437 88.4233 88.4147 88.3997 88.4025 88.384 88.3742 88.367 88.3597 88.3377 88.331 88.3215 88.3154 88.3066 88.292 88.2778 88.2458 88.2469 88.2327 88.2241 88.2123 88.2061 88.1877 88.166 88.15 88.1336 88.1175 88.1137 88.0922 88.0889 88.08 88.0594 88.045 88.028 88.0231 -9999 -9999 -9999 -9999 -9999 -9999 -9999 -9999 -9999 -9999
88.8413 88.834 88.8178 88.802 88.7745 88.7743 88.7473 88.7357 88.7183 88.7073 88.6905 88.6763 88.6679 88.6381 88.6171 88.6078 88.5802 88.5732 88.56 88.5348 88.5248 88.5152 88.5089 88.4939 88.4731 88.4617 88.4595 88.4457 88.4287 88.4173 88.4057 88.3968 88.3875 88.378 88.3592 88.355 88.3447 88.3317 88.322 88.3065 88.3004 88.2856 88.271 88.2718 88.2548 88.2439 88.2327 88.2241 88.2093 88.1912 88.1727 88.16 88.147 88.1246 88.1205 88.1137 88.0952 88.0799 88.068 88.0564 88.042 88.037 88.0021 88.009 -9999 -9999 -9999 -9999 -9999 -9999 -9999 -9999 -9999
88.8262 88.8219 88.8057 88.7839 88.7624 88.7652 88.7472 88.7266 88.7092 88.6952 88.6694 88.6582 88.6438 88.632 88.617 88.5957 88.5771 88.5701 88.5419 88.5257 88.5188 88.5061 88.4758 88.4758 88.47 88.4616 88.4444 88.4366 88.4226 88.4112 88.4056 88.3997 88.3724 88.3719 88.3681 88.3489 88.3386 88.3226 88.3159 88.3034 88.2913 88.2855 88.2709 88.2657 88.2337 88.2348 88.2236 88.206 88.1972 88.1911 88.1726 88.1509 88.1439 88.1365 88.1174 88.0986 88.0861 88.0738 88.0619 88.0563 88.0389 88.0159 88.011 87.9999 87.9975 -9999 -9999 -9999 -9999 -9999 -9999 -9999 -9999
88.838 88.8127 88.7965 88.7837 88.7652 88.75 88.732 88.7084 88.7 88.686 88.6692 88.646 88.6376 88.6138 88.6018 88.5745 88.5739 88.5609 88.5387 88.5225 88.5066 88.4879 88.4786 88.4726 88.4458 88.4434 88.4442 88.4214 88.4044 88.402 88.3964 88.3905 88.3752 88.3627 88.3529 88.3337 88.3384 88.3194 88.3067 88.2972 88.2791 88.2733 88.2617 88.2505 88.2395 88.2256 88.2174 88.2118 88.185 88.1789 88.1604 88.1507 88.1317 88.1213 88.1082 88.0954 88.0859 88.0706 88.0617 88.0411 88.0417 88.0217 88.0138 88.0087 87.9763 87.9795 -9999 -9999 -9999 -9999 -9999 -9999 -9999
88.8107 88.8034 88.7843 88.7744 88.7619 88.7377 88.7197 88.7051 88.6908 88.6707 88.6509 88.6368 88.6133 88.6076 88.5925 88.5802 88.5646 88.5457 88.5414 88.5132 88.4973 88.4847 88.4663 88.4603 88.4426 88.4251 88.429 88.4031 88.4011 88.3928 88.3841 88.3782 88.366 88.3504 88.3346 88.3245 88.3141 88.2951 88.2974 88.288 88.2758 88.258 88.2645 88.2442 88.2303 88.2283 88.2081 88.1966 88.1787 88.1666 88.1452 88.1414 88.1284 88.1031 88.105 88.0741 88.0736 88.0674 88.0494 88.0468 88.0235 88.0214 88.0136 87.9994 87.988 87.9703 87.9672 -9999 -9999 -9999 -9999 -9999 -9999
88.7985 88.7851 88.772 88.7502 88.7407 88.7224 88.7165 88.6898 88.6755 88.6705 88.6476 88.6365 88.613 88.5953 88.5923 88.571 88.5553 88.5394 88.5232 88.4979 88.491 88.4754 88.4691 88.442 88.4333 88.4219 88.4017 88.3909 88.4008 88.3865 88.3689 88.3659 88.3447 88.3322 88.3223 88.3032 88.3049 88.2859 88.2791 88.2757 88.2636 88.2547 88.2492 88.25 88.233 88.2161 88.1988 88.1903 88.1755 88.1693 88.1479 88.1382 88.1281 88.1118 88.0957 88.0859 88.0583 88.0401 88.0462 88.0525 88.0352 88.0122 88.0133 87.9842 87.9787 87.967 87.955 -9999 -9999 -9999 -9999 -9999 -9999
88.7863 88.773 88.7598 88.744 88.7195 88.7103 88.7013 88.6777 88.6543 88.6463 88.6235 88.6303 88.5919 88.5832 88.5621 88.5618 88.5372 88.5302 88.514 88.4978 88.4849 88.4692 88.4509 88.4359 88.4271 88.4157 88.3985 88.3877 88.3707 88.3683 88.3657 88.3538 88.3505 88.335 88.3162 88.309 88.3047 88.2797 88.27 88.2575 88.2514 88.2426 88.234 88.2378 88.2178 88.2039 88.1897 88.1751 88.1723 88.1632 88.1507 88.132 88.119 88.0967 88.0925 88.0767 88.0612 88.0459 88.034 88.0284 88.011 88.006 87.9891 87.978 87.9666 87.9578 87.9368 87.9425 -9999 -9999 -9999 87.8905 -9999
88.7682 88.7639 88.7538 88.729 88.7164 88.6832 88.6893 88.6656 88.6363 88.6253 88.6084 88.6033 88.5948 88.5741 88.5531 88.5437 88.5401 88.5302 88.5109 88.4887 88.4878 88.4662 88.4508 88.4268 88.4121 88.4036 88.3925 88.3756 88.3676 88.3563 88.3416 88.3417 88.3325 88.3199 88.3101 88.291 88.2777 88.2676 88.2609 88.2455 88.2453 88.2275 88.231 88.2047 88.1968 88.2008 88.1776 88.1661 88.1572 88.1331 88.1297 88.1109 88.1009 88.0876 88.0895 88.0736 88.0521 88.0519 88.0249 88.0253 88.005 88.0029 87.9681 87.9689 87.9605 87.9458 87.9397 87.9274 87.9208 87.9109 87.8976 87.8904 87.8715
88.7562 88.7519 88.7328 88.723 88.7104 88.6862 88.6743 88.6596 88.6483 88.6103 88.6054 88.5853 88.5798 88.5681 88.5501 88.5317 88.5251 88.5062 88.499 88.4857 88.4698 88.4692 88.4418 88.4298 88.4091 88.3976 88.3895 88.3727 88.3556 88.3413 88.3326 88.3237 88.3145 88.3079 88.2951 88.285 88.2627 88.2556 88.2429 88.2275 88.2273 88.2245 88.222 88.1987 88.1938 88.1799 88.1716 88.1481 88.1482 88.1211 88.1207 88.111 88.0829 88.0786 88.0595 88.0526 88.0401 88.0249 88.037 88.0133 87.999 87.9879 87.9711 87.96 87.9635 87.9458 87.9277 87.9154 87.9088 87.8989 87.8886 87.8784 87.8625
88.7532 88.7339 88.7238 88.714 88.6924 88.6652 88.6683 88.6536 88.6213 88.6103 88.6024 88.5913 88.5648 88.5651 88.5561 88.5287 88.5221 88.4972 88.493 88.4737 88.4638 88.4482 88.4298 88.4118 88.4031 88.3916 88.3775 88.3667 88.3466 88.3413 88.3236 88.2997 88.2965 88.2929 88.2831 88.276 88.2777 88.2436 88.2279 88.2095 88.1913 88.2155 88.198 88.1747 88.1728 88.1649 88.1566 88.1421 88.1392 88.1211 88.1087 88.102 88.0859 88.0846 88.0595 88.0436 88.0371 88.0099 88.007 88.0013 87.999 87.9849 87.9531 87.942 87.9425 87.9428 87.9247 87.9214 87.8818 87.8899 87.8796 87.8724 87.8625
88.7471 88.7278 88.7147 88.6989 88.6773 88.6651 88.6412 88.6415 88.6212 88.6102 88.5903 88.5792 88.5677 88.556 88.55 88.5196 88.513 88.4941 88.4749 88.4646 88.4367 88.4361 88.4297 88.4087 88.403 88.3825 88.3684 88.3456 88.3435 88.3232 88.3115 88.3026 88.2934 88.2898 88.268 88.2639 88.2536 88.2255 88.2158 88.2064 88.1972 88.1914 88.1799 88.1686 88.1547 88.1498 88.1445 88.136 88.1211 88.103 88.0996 88.0959 88.0708 88.0635 88.0564 88.0375 88.019 88.0068 87.9979 87.9892 87.9779 87.9668 87.95 87.9449 87.9364 87.9277 87.9216 87.9003 87.9057 87.8958 87.8885 87.8633 87.8444
88.7319 88.7216 88.7085 88.6897 88.6681 88.6409 88.65 88.6293 88.609 88.5949 88.5811 88.57 88.5645 88.5348 88.5288 88.5134 88.5038 88.4759 88.4746 88.4614 88.4395 88.4239 88.4115 88.4055 88.3878 88.3733 88.3592 88.3453 88.3283 88.317 88.3023 88.2934 88.2842 88.2686 88.2558 88.2607 88.2384 88.2163 88.2096 88.1942 88.197 88.1882 88.1647 88.1414 88.1395 88.1285 88.1323 88.1148 88.0999 88.0878 88.0784 88.0716 88.0496 88.0393 88.0412 88.0253 88.0128 88.0096 87.9916 87.971 87.9657 87.9546 87.9438 87.9356 87.9272 87.9155 87.9034 87.8881 87.8815 87.8746 87.8673 87.8571 87.8442
88.7227 88.7003 88.6902 88.6924 88.6649 88.6436 88.6377 88.6261 88.5907 88.5857 88.5778 88.5607 88.5553 88.5345 88.5135 88.5012 88.4855 88.4756 88.4534 88.4342 88.4182 88.4146 88.4023 88.3962 88.3785 88.3611 88.3589 88.3361 88.319 88.2837 88.2961 88.2811 88.2659 88.2534 88.2405 88.2304 88.2201 88.2071 88.1973 88.1939 88.1818 88.1699 88.1584 88.1412 88.1242 88.1163 88.105 88.1055 88.0817 88.0605 88.0631 88.0504 88.0344 88.033 88.0259 88.0101 88.0005 87.9853 87.9704 87.9737 87.9654 87.9514 87.9405 87.9264 87.9179 87.9152 87.8912 87.8848 87.8812 87.8623 87.8611 87.8418 87.8349
88.7044 88.6791 88.669 88.6621 88.6436 88.6314 88.6194 88.6048 88.5935 88.5884 88.5566 88.5604 88.534 88.5253 88.5012 88.4919 88.4823 88.4573 88.4441 88.4309 88.418 88.4113 88.393 88.378 88.3632 88.3638 88.3287 88.3268 88.3248 88.3014 88.2808 88.2629 88.2716 88.2411 88.2193 88.2152 88.1958 88.1978 88.1881 88.1666 88.1635 88.1577 88.1371 88.1259 88.121 88.11 88.0928 88.0872 88.0724 88.0573 88.0508 88.0441 88.0311 88.0148 87.9896 87.9918 87.9793 87.9641 87.9701 87.9675 87.9321 87.9301 87.9223 87.9141 87.9117 87.8909 87.8849 87.8696 87.863 87.853 87.8458 87.8386 87.8317
88.6983 88.6759 88.6508 88.644 88.6344 88.6192 88.6043 88.5926 88.5783 88.5703 88.5534 88.5423 88.5278 88.5161 88.4981 88.4857 88.4671 88.4422 88.441 88.4247 88.4118 88.3992 88.3929 88.3688 88.3451 88.3486 88.3285 88.3057 88.3096 88.2893 88.2686 88.2537 88.2475 88.223 88.2251 88.203 88.2047 88.1856 88.1789 88.1695 88.1394 88.1395 88.134 88.1017 88.1058 88.1009 88.0836 88.0601 88.0453 88.0421 88.0447 88.026 88.0099 87.9996 87.9865 87.9707 87.9671 87.9519 87.94 87.9253 87.935 87.9149 87.9071 87.893 87.8845 87.8728 87.8788 87.8544 87.8508 87.8379 87.8336 87.8324 87.8135
88.6712 88.6729 88.6417 88.6319 88.6284 88.6072 88.5982 88.5746 88.5692 88.5582 88.5444 88.5392 88.5128 88.4951 88.495 88.4737 88.4581 88.4361 88.4289 88.4217 88.3998 88.3811 88.3838 88.3658 88.345 88.3396 88.3195 88.3056 88.3006 88.2772 88.2596 88.2477 88.2354 88.2259 88.1951 88.1999 88.1776 88.1736 88.1579 88.1424 88.1363 88.1215 88.1189 88.0957 88.0937 88.1038 88.0776 88.06 88.0422 88.0301 88.0206 88.0079 87.9979 87.9876 87.9804 87.9706 87.9611 87.9458 87.9429 87.9223 87.9169 87.9059 87.901 87.8839 87.8755 87.8727 87.8637 87.8574 87.8417 87.8288 87.8276 87.8144 87.8014
88.1311 88.1178 88.6418 88.6289 88.6194 88.5982 88.5892 88.5626 88.5603 88.5492 88.5354 88.5182 88.5128 88.4921 88.474 88.4617 88.4491 88.4391 88.4139 88.4007 88.3878 88.3661 87.7597 88.3508 88.324 88.3186 88.3105 88.2936 88.2886 88.2802 88.2566 88.2387 88.2204 88.2139 88.1981 88.182 88.1626 88.1526 88.1429 88.1304 88.1273 88.1155 88.1009 88.0897 88.0728 88.0558 88.0596 88.048 88.0362 88.0181 88.0056 87.9869 87.9739 87.9666 87.9594 87.9526 87.9401 87.9308 87.9339 87.9163 87.9199 87.8939 87.8801 87.8809 87.8605 87.8577 87.8517 87.8394 87.8267 87.8048 87.8216 87.8114 87.7864
88.6682 88.6459 88.0989 88.6199 88.6194 88.5922 88.5802 88.5626 88.5513 88.5402 88.5264 88.5152 88.5038 88.4891 87.8943 87.8809 88.4431 88.4331 88.4109 88.3857 88.3638 87.7786 88.3448 87.7408 88.321 88.3096 88.2985 88.2906 88.2826 88.2562 88.2506 88.2297 88.2294 88.2049 88.1861 88.1639 88.1506 88.1436 88.1219 88.1214 88.1213 88.0885 88.0769 88.0687 88.0638 88.0498 88.0476 88.033 88.0272 88.0091 87.9936 87.9929 87.9709 87.9486 87.9414 87.9346 87.9251 87.9158 87.9039 87.9013 87.8899 87.8789 87.8711 87.8659 87.8725 87.8517 87.8247 87.8214 87.8117 87.8078 87.8066 87.7874 87.7834
88.6681 88.6548 88.6326 88.08 88.6043 88.5951 88.5801 88.5625 88.0021 87.9887 88.5233 87.951 88.4977 87.9132 88.4619 88.4556 87.862 87.8486 88.4078 88.3976 87.7975 88.357 88.3417 88.3327 87.7219 88.3125 88.2923 87.6707 88.2675 88.2471 88.2415 88.2296 88.2113 88.1958 88.174 88.1728 88.1625 88.1465 88.1188 88.1063 88.0942 88.0824 88.0558 88.0536 88.0456 88.0347 88.0235 88.0059 87.9971 88 87.9845 87.9688 87.9498 87.9485 87.9323 87.9315 87.901 87.8947 87.8888 87.8952 87.8688 87.8638 87.8559 87.8358 87.8424 87.8276 87.8216 87.8153 87.8176 87.7927 87.7975 87.7813 87.7683
88.6679 88.6516 88.6384 88.6106 88.0611 88.0477 88.0344 88.021 88.5569 88.5249 87.9698 88.5089 87.9321 88.4887 88.4767 88.4494 88.4517 88.4328 87.8297 87.8164 88.3784 88.3538 88.3355 88.3265 88.3177 87.703 87.6896 88.2693 87.6518 88.2499 88.2353 88.2233 88.1991 88.1926 88.1708 88.1486 88.1413 88.1193 88.1186 88.0881 88.085 88.0702 88.0526 87.4181 88.0364 88.0255 88.0173 88.0117 87.9729 87.9818 87.9663 87.9536 87.9376 87.9332 87.9231 87.9103 87.8888 87.8975 87.8856 87.865 87.8686 87.8546 87.8467 87.8296 87.8272 87.8304 87.8064 87.8061 87.7964 87.7865 87.7763 87.7751 87.7681
88.6676 88.6483 88.6262 88.6163 88.6038 88.5826 88.5676 88.562 88.5537 88.5336 88.5258 88.5056 88.4942 88.4855 88.4734 88.4371 88.4335 88.4146 88.3983 88.3911 88.3632 88.3475 88.3322 88.3232 88.2994 88.297 88.2829 88.269 87.5516 87.6329 88.226 88.2081 88.1958 87.5684 87.555 87.5417 87.5283 87.5149 88.1213 87.4771 87.4637 87.4504 87.437 88.0381 87.3992 87.3858 88.011 87.9935 87.9816 87.9695 87.9571 87.9443 87.9313 87.921 87.9138 87.898 87.8885 87.8823 87.8673 87.8617 87.8354 87.8483 87.8375 87.8323 87.8179 87.8002 87.7821 87.7908 87.7842 87.7772 87.767 87.7478 87.7439
88.6644 88.639 88.6319 88.6251 88.6036 88.5853 88.5584 88.5558 88.5444 88.5364 88.5165 88.4964 88.491 88.4792 88.4552 88.4339 88.4242 88.4203 88.3951 88.3698 88.3749 88.3473 88.323 88.3109 88.3022 88.2848 88.2766 88.2658 88.2487 88.2404 87.614 87.6007 87.5873 88.1891 88.1672 88.1481 88.1408 88.1218 87.496 88.0906 88.0845 88.0846 88.0461 88.0469 88.0239 88.01 87.3669 87.3535 87.9784 87.9662 87.9538 87.9381 87.928 87.9117 87.9046 87.9038 87.8822 87.876 87.8731 87.8674 87.8411 87.8211 87.8162 87.8111 87.8026 87.7939 87.7849 87.7755 87.7719 87.762 87.7578 87.7385 87.7376
88.6612 88.6299 88.6288 88.6189 88.6154 88.5792 88.5792 88.5496 88.5233 88.5242 88.5164 88.5022 88.4848 88.4701 88.452 88.4487 88.4271 88.4111 88.3919 88.3757 88.3688 88.3471 88.3288 88.3138 88.305 88.2906 88.2765 88.2596 88.2426 88.2312 88.2256 88.2137 88.1894 88.1799 88.1581 88.16 88.1346 88.1306 88.1119 88.1054 88.0903 88.0695 88.0609 88.0437 88.0358 88.0218 88.0016 87.993 87.3346 87.9631 87.9506 87.2834 87.27 87.2567 87.8984 87.8826 87.8731 87.8639 87.8609 87.8523 87.8349 87.8269 87.7951 87.7989 87.7935 87.7697 87.7727 87.7544 87.7568 87.7498 87.7366 87.7414 87.7374
88.6612 88.6508 88.6347 88.6159 88.5944 88.5821 88.5492 88.5496 88.5352 88.5302 88.5103 88.4962 88.4848 88.473 88.446 88.4426 88.424 88.4111 88.3829 88.3756 88.3597 88.3381 88.3258 88.3197 88.305 88.2906 88.2854 88.2686 88.2485 88.2432 88.2376 88.2166 88.1954 88.1829 88.17 88.1569 88.1376 88.1336 88.1238 88.1144 88.0933 88.0754 88.0699 88.0587 88.0357 88.0218 88.0075 87.987 87.9752 87.3157 87.3023 87.9319 87.9128 87.9115 87.2377 87.8766 87.861 87.8578 87.8519 87.8432 87.8319 87.8119 87.801 87.7929 87.7844 87.7757 87.7607 87.7513 87.7447 87.7348 87.7305 87.7203 87.7194
88.6672 88.6508 88.6287 88.6189 88.6064 88.5881 88.5672 88.5466 88.5352 88.5242 88.5073 88.4812 88.4758 88.449 88.452 88.4427 88.424 88.4111 88.4039 88.3787 88.3657 88.3531 88.3498 88.3347 88.296 88.2966 88.2884 88.2626 88.2395 88.2462 88.2376 88.2316 88.2074 88.2009 88.182 88.1749 88.1526 88.1276 88.1238 88.1144 88.0933 88.0874 88.0699 88.0617 88.0447 88.0158 88.0105 87.996 87.9872 87.966 87.9506 87.9259 87.9158 87.9025 87.8894 87.2188 87.855 87.8518 87.8369 87.8372 87.8169 87.8029 87.792 87.7899 87.7814 87.7637 87.7547 87.7333 87.7327 87.7228 87.7126 87.7113 87.6954
88.6672 88.6508 88.6377 88.6189 88.6034 88.5941 88.5732 88.5556 88.5412 88.5212 88.5103 88.4962 88.4908 88.473 88.455 88.4426 88.424 88.4081 88.4009 88.3876 88.3657 88.3561 88.3438 88.3317 88.32 88.3026 88.2914 88.2806 88.2695 88.2462 88.2346 88.2226 88.1984 88.1889 88.191 88.1809 88.1586 88.1426 88.1208 88.1114 88.0993 88.0814 88.0669 88.0467 88.0477 88.0218 88.0075 88.002 87.9872 87.972 87.9476 87.9289 87.9128 87.8995 87.8744 87.8586 87.1999 87.8368 87.8279 87.8222 87.7959 87.7938 87.78 87.7749 87.7514 87.7517 87.7427 87.7363 87.7207 87.7138 87.7035 87.6993 87.6954
88.667 88.6477 88.6346 88.6158 88.5912 88.582 88.5731 88.5704 88.5351 88.5151 88.5072 88.4901 88.4876 88.4759 88.4579 88.4455 88.4329 88.423 88.3828 88.3815 88.3716 88.362 88.3496 88.3286 88.3259 88.2964 88.2913 88.2805 88.2664 88.2491 88.2284 88.2225 88.2223 88.2037 88.1909 88.1778 88.1615 88.1484 88.1207 88.1293 88.0992 88.0813 88.0638 88.0465 88.0476 88.0277 88.0134 87.9959 87.987 87.9719 87.9655 87.9378 87.9187 87.9084 87.8863 87.8555 87.8369 87.181 87.1676 87.8041 87.1297 87.1164 87.7709 87.7628 87.7543 87.7546 87.7335 87.7122 87.7176 87.7107 87.7004 87.6872 87.6863
88.6698 88.6685 88.6344 88.6066 88.591 88.5878 88.5699 88.5612 88.5409 88.5238 88.504 88.4929 88.4934 88.4787 88.4637 88.4363 88.4297 88.4138 88.4035 88.3783 88.3744 88.3558 88.3494 88.3434 88.3227 88.2932 88.2911 88.2772 88.2782 88.2609 88.2342 88.2163 88.2221 88.1915 88.1907 88.1686 88.1583 88.1422 88.1325 88.1111 88.0989 88.0781 88.0696 88.0553 88.0474 88.0334 88.0162 87.9987 87.9898 87.9777 87.9593 87.9375 87.9155 87.9052 87.8891 87.8762 87.8547 87.8305 87.8095 87.1487 87.7926 87.7875 87.0974 87.084 87.0707 87.7334 87.7123 87.709 87.7054 87.7075 87.6882 87.69 87.6831
88.6726 88.6592 88.6491 88.6153 88.5968 88.5875 88.5786 88.564 88.5436 88.5206 88.5217 88.4956 88.4902 88.4754 88.4514 88.4511 88.4144 88.4285 88.4003 88.3991 88.3651 88.3615 88.3492 88.3371 88.3374 88.308 88.2998 88.28 88.2719 88.2606 88.246 88.234 88.2068 88.2003 88.1904 88.1743 88.164 88.136 88.1232 88.1168 88.1017 88.0958 88.0723 88.0611 88.0471 88.0332 88.0069 87.9864 87.9896 87.9774 87.968 87.9283 87.9242 87.9079 87.8918 87.876 87.8574 87.8392 87.8063 87.8156 87.7923 87.7753 87.7614 87.7533 87.7418 87.0517 87.0383 87.7057 87.6841 87.6772 87.667 87.6627 87.6558
88.6753 88.65 88.6399 88.63 88.6025 88.5873 88.5693 88.5607 88.5494 88.5203 88.5065 88.5013 88.4929 88.4722 88.4631 88.4568 88.4442 88.4223 88.409 88.4048 88.3859 88.3672 88.3369 88.3369 88.3371 88.3167 88.3056 88.2827 88.2657 88.2633 88.2517 88.2338 88.2215 88.203 88.1872 88.1711 88.1697 88.1477 88.129 88.1136 88.1074 88.0956 88.096 88.0638 88.0469 88.0419 88.0217 88.0101 87.9923 87.9832 87.9738 87.943 87.93 87.9077 87.8945 87.8847 87.8602 87.836 87.821 87.8094 87.792 87.772 87.7432 87.744 87.7266 87.7239 87.7058 87.0194 87.6809 86.9815 86.9681 87.6445 87.6406
